(0, 0)*(-0.3135043681178358, -0.6940386057868582)*[(0, 0), (4, 4), (8, 8), (12, 12), (16, 16), (20, 20), (24, 24)]
(0, 0)*(0.2739920893479644, -0.4237630304690604)*[(0, 0), (4, 4), (8, 8), (12, 12), (16, 16), (20, 20), (24, 24)]
(0, 0)*(-0.5144942014664771, 0.26768121927150024)*[(0, 0), (4, 4), (8, 8), (12, 12), (16, 16), (20, 20), (24, 24)]
(0, 0)*(-0.6655912425056922, -0.440879961293114)*[(0, 0), (4, 4), (8, 8), (12, 12), (16, 16), (20, 20), (24, 24)]
(0, 0)*(0.3028572915832588, 0.33475136410026685)*[(0, 0), (4, 4), (8, 8), (12, 12), (16, 16), (20, 20), (24, 24)]
(0, 0)*(-0.003107560637165996, 0.3201560412916662)*[(0, 0), (4, 4), (8, 8), (12, 12), (16, 16), (20, 20), (24, 24)]
(0, 0)*(0.6018686409095828, 0.6319823290554274)*[(0, 0), (4, 4), (8, 8), (12, 12), (16, 16), (20, 20), (24, 24)]
(0, 0)*(0.008719272858380478, -0.31800466404044103)*[(0, 0), (4, 4), (8, 8), (12, 12), (16, 16), (20, 20), (24, 24)]
(0, 0)*(0.909716438684518, 0.1459371899438479)*[(0, 0), (4, 4), (8, 8), (12, 12), (16, 16), (20, 20), (24, 24)]
(0, 0)*(-0.4289010189867424, 0.3144300367969002)*[(0, 0), (4, 4), (8, 8), (12, 12), (16, 16), (20, 20), (24, 24)]
(0, 0)*(0.1566853530780239, -0.005248202900233978)*[(0, 0), (4, 4), (8, 8), (12, 12), (16, 16), (20, 20), (24, 24)]
(0, 0)*(0.14430287538004394, -0.281954173946665)*[(0, 0), (4, 4), (8, 8), (12, 12), (16, 16), (20, 20), (24, 24)]
(0, 0)*(0.3178286950570295, 0.7179349404487174)*[(0, 0), (4, 4), (8, 8), (12, 12), (16, 16), (20, 20), (24, 24)]
(0, 0)*(-0.2313782115283025, 0.29831988314117097)*[(0, 0), (4, 4), (8, 8), (12, 12), (16, 16), (20, 20), (24, 24)]
(0, 0)*(-0.4751482275361347, -0.10578460468844841)*[(0, 0), (4, 4), (8, 8), (12, 12), (16, 16), (20, 20), (24, 24)]
(0, 0)*(-0.24917234734459548, -0.5422843797564998)*[(0, 0), (4, 4), (8, 8), (12, 12), (16, 16), (20, 20), (24, 24)]
(0, 0)*(-0.9352928858236451, 0.031208062857327912)*[(0, 0), (4, 4), (8, 8), (12, 12), (16, 16), (20, 20), (24, 24)]
(0, 0)*(-0.6630942696043804, 0.5917699739925574)*[(0, 0), (4, 4), (8, 8), (12, 12), (16, 16), (20, 20), (24, 24)]
(0, 0)*(0.682452359542921, 0.24442639813587852)*[(0, 0), (4, 4), (8, 8), (12, 12), (16, 16), (20, 20), (24, 24)]
(0, 0)*(0.9899267748791392, -0.021748051898331053)*[(0, 0), (4, 4), (8, 8), (12, 12), (16, 16), (20, 20), (24, 24)]
(0, 0)*(-0.8802400705544171, 0.23625574286942397)*[(0, 0), (4, 4), (8, 8), (12, 12), (16, 16), (20, 20), (24, 24)]
(0, 0)*(0.09012822828167844, 0.027014472002405254)*[(0, 0), (4, 4), (8, 8), (12, 12), (16, 16), (20, 20), (24, 24)]
(0, 0)*(0.03726636153725127, -0.28381470148250654)*[(0, 0), (4, 4), (8, 8), (12, 12), (16, 16), (20, 20), (24, 24)]
(0, 0)*(-0.5935943181640055, -0.7190025146596746)*[(0, 0), (4, 4), (8, 8), (12, 12), (16, 16), (20, 20), (24, 24)]
(0, 0)*(-0.6443485836032858, -0.07888991247368538)*[(0, 0), (4, 4), (8, 8), (12, 12), (16, 16), (20, 20), (24, 24)]
(0, 0)*(-0.40429402147241467, -0.6786842874548854)*[(0, 0), (4, 4), (8, 8), (12, 12), (16, 16), (20, 20), (24, 24)]
(0, 0)*(0.5062715426920457, 0.4170756657998791)*[(0, 0), (4, 4), (8, 8), (12, 12), (16, 16), (20, 20), (24, 24)]
(0, 0)*(-0.6126051741313125, -0.23338355038156067)*[(0, 0), (4, 4), (8, 8), (12, 12), (16, 16), (20, 20), (24, 24)]
(0, 0)*(0.15513852024731434, 0.696837144547116)*[(0, 0), (4, 4), (8, 8), (12, 12), (16, 16), (20, 20), (24, 24)]
(0, 0)*(0.5355905547480191, 0.4367024335822446)*[(0, 0), (4, 4), (8, 8), (12, 12), (16, 16), (20, 20), (24, 24)]
(0, 0)*(-0.7743020155258553, -0.28227176379213925)*[(0, 0), (4, 4), (8, 8), (12, 12), (16, 16), (20, 20), (24, 24)]
(0, 0)*(-0.36982905552046574, -0.27395028571940916)*[(0, 0), (4, 4), (8, 8), (12, 12), (16, 16), (20, 20), (24, 24)]
(0, 0)*(0.7263485902994062, 0.2335263683831652)*[(0, 0), (4, 4), (8, 8), (12, 12), (16, 16), (20, 20), (24, 24)]
(0, 0)*(-0.839744092210077, 0.0463121160244081)*[(0, 0), (4, 4), (8, 8), (12, 12), (16, 16), (20, 20), (24, 24)]
(0, 0)*(-0.11830953556123958, -0.32974721878023094)*[(0, 0), (4, 4), (8, 8), (12, 12), (16, 16), (20, 20), (24, 24)]
(0, 0)*(-0.8052923876800231, 0.056047797307975045)*[(0, 0), (4, 4), (8, 8), (12, 12), (16, 16), (20, 20), (24, 24)]
(0, 0)*(-0.3518357060690658, -0.6152723873504864)*[(0, 0), (4, 4), (8, 8), (12, 12), (16, 16), (20, 20), (24, 24)]
(0, 0)*(-0.12346911001088978, -0.46604849427356854)*[(0, 0), (4, 4), (8, 8), (12, 12), (16, 16), (20, 20), (24, 24)]
(0, 0)*(-0.984946192129627, 0.12951713131840728)*[(0, 0), (4, 4), (8, 8), (12, 12), (16, 16), (20, 20), (24, 24)]
(0, 0)*(-0.6736658112208078, -0.30980711651830634)*[(0, 0), (4, 4), (8, 8), (12, 12), (16, 16), (20, 20), (24, 24)]
(0, 0)*(0.923656820315516, 0.036070551656993965)*[(0, 0), (4, 4), (8, 8), (12, 12), (16, 16), (20, 20), (24, 24)]
(0, 0)*(-0.7303389094893102, 0.03612060723262589)*[(0, 0), (4, 4), (8, 8), (12, 12), (16, 16), (20, 20), (24, 24)]
(0, 0)*(0.6513900446032741, -0.05961667457923847)*[(0, 0), (4, 4), (8, 8), (12, 12), (16, 16), (20, 20), (24, 24)]
(0, 0)*(-0.11602098983186959, 0.34859844376739735)*[(0, 0), (4, 4), (8, 8), (12, 12), (16, 16), (20, 20), (24, 24)]
(0, 0)*(-0.3601929810772013, -0.7878140734784784)*[(0, 0), (4, 4), (8, 8), (12, 12), (16, 16), (20, 20), (24, 24)]
(0, 0)*(-0.02828703031660873, -0.1170420642591411)*[(0, 0), (4, 4), (8, 8), (12, 12), (16, 16), (20, 20), (24, 24)]
(0, 0)*(-0.4868025553155082, 0.6940471875565443)*[(0, 0), (4, 4), (8, 8), (12, 12), (16, 16), (20, 20), (24, 24)]
(0, 0)*(-0.8581986890139341, -0.11900225563503786)*[(0, 0), (4, 4), (8, 8), (12, 12), (16, 16), (20, 20), (24, 24)]
(0, 0)*(0.948837209385339, -0.0586202088179264)*[(0, 0), (4, 4), (8, 8), (12, 12), (16, 16), (20, 20), (24, 24)]
(0, 0)*(-0.8934695297803197, 0.12295473412602242)*[(0, 0), (4, 4), (8, 8), (12, 12), (16, 16), (20, 20), (24, 24)]
(0, 0)*(0.8167084981757275, -0.4140046140004261)*[(0, 0), (4, 4), (8, 8), (12, 12), (16, 16), (20, 20), (24, 24)]
(0, 0)*(-0.5645671160389214, -0.7428915740336074)*[(0, 0), (4, 4), (8, 8), (12, 12), (16, 16), (20, 20), (24, 24)]
(0, 0)*(-0.12491894618296095, -0.3772374238393975)*[(0, 0), (4, 4), (8, 8), (12, 12), (16, 16), (20, 20), (24, 24)]
(0, 0)*(0.6067802549991699, 0.3219757148864938)*[(0, 0), (4, 4), (8, 8), (12, 12), (16, 16), (20, 20), (24, 24)]
(0, 0)*(0.7437119132448584, 0.5438201956198889)*[(0, 0), (4, 4), (8, 8), (12, 12), (16, 16), (20, 20), (24, 24)]
(0, 0)*(0.4557240852694153, 0.5102100042850295)*[(0, 0), (4, 4), (8, 8), (12, 12), (16, 16), (20, 20), (24, 24)]
(0, 0)*(0.48799975357469694, 0.3343813407836421)*[(0, 0), (4, 4), (8, 8), (12, 12), (16, 16), (20, 20), (24, 24)]
(0, 0)*(0.8593454819183544, 0.03544954507811848)*[(0, 0), (4, 4), (8, 8), (12, 12), (16, 16), (20, 20), (24, 24)]
(0, 0)*(-0.0667774328465025, 0.5819136595907596)*[(0, 0), (4, 4), (8, 8), (12, 12), (16, 16), (20, 20), (24, 24)]
(0, 0)*(-0.386585970781697, -0.10355434086831583)*[(0, 0), (4, 4), (8, 8), (12, 12), (16, 16), (20, 20), (24, 24)]
(0, 0)*(0.47303929875318684, -0.04855213269794134)*[(0, 0), (4, 4), (8, 8), (12, 12), (16, 16), (20, 20), (24, 24)]
(0, 0)*(-0.05392904224097017, -0.19049326294046276)*[(0, 0), (4, 4), (8, 8), (12, 12), (16, 16), (20, 20), (24, 24)]
(0, 0)*(0.07473116475760833, -0.3473323891579777)*[(0, 0), (4, 4), (8, 8), (12, 12), (16, 16), (20, 20), (24, 24)]
(0, 0)*(-0.8561904255062252, 0.2236010436099899)*[(0, 0), (4, 4), (8, 8), (12, 12), (16, 16), (20, 20), (24, 24)]
(0, 0)*(0.9330919573639815, -0.23101620864844763)*[(0, 0), (4, 4), (8, 8), (12, 12), (16, 16), (20, 20), (24, 24)]
(0, 0)*(-0.9162681736453904, -0.11077059090358082)*[(0, 0), (4, 4), (8, 8), (12, 12), (16, 16), (20, 20), (24, 24)]
(0, 0)*(0.8860582842440186, -0.27632057873299337)*[(0, 0), (4, 4), (8, 8), (12, 12), (16, 16), (20, 20), (24, 24)]
(0, 0)*(0.9498392804132452, -0.21993161903357983)*[(0, 0), (4, 4), (8, 8), (12, 12), (16, 16), (20, 20), (24, 24)]
(0, 0)*(-0.8911617010843236, 0.41377000983626533)*[(0, 0), (4, 4), (8, 8), (12, 12), (16, 16), (20, 20), (24, 24)]
(0, 0)*(0.059579414970121425, 0.23996485277250268)*[(0, 0), (4, 4), (8, 8), (12, 12), (16, 16), (20, 20), (24, 24)]
(0, 0)*(-0.6025397589335737, -0.7876540415604033)*[(0, 0), (4, 4), (8, 8), (12, 12), (16, 16), (20, 20), (24, 24)]
(0, 0)*(-0.5898834611373072, 0.45690062313054636)*[(0, 0), (4, 4), (8, 8), (12, 12), (16, 16), (20, 20), (24, 24)]
(0, 0)*(0.4976975109707593, -0.6100849929959302)*[(0, 0), (4, 4), (8, 8), (12, 12), (16, 16), (20, 20), (24, 24)]
(0, 0)*(-0.7056312226531356, -0.025356666757032964)*[(0, 0), (4, 4), (8, 8), (12, 12), (16, 16), (20, 20), (24, 24)]
(0, 0)*(-0.5495632981338985, 0.0789334518181174)*[(0, 0), (4, 4), (8, 8), (12, 12), (16, 16), (20, 20), (24, 24)]
(0, 0)*(0.35522641517777886, 0.07677803912030778)*[(0, 0), (4, 4), (8, 8), (12, 12), (16, 16), (20, 20), (24, 24)]
(0, 0)*(0.7066043001214808, -0.272852112079349)*[(0, 0), (4, 4), (8, 8), (12, 12), (16, 16), (20, 20), (24, 24)]
(0, 0)*(0.5015346854431468, 0.49157594388098635)*[(0, 0), (4, 4), (8, 8), (12, 12), (16, 16), (20, 20), (24, 24)]
(0, 0)*(0.5426284292461372, -0.7216529361488683)*[(0, 0), (4, 4), (8, 8), (12, 12), (16, 16), (20, 20), (24, 24)]
(0, 0)*(-0.10209534195309766, -0.3246556740467754)*[(0, 0), (4, 4), (8, 8), (12, 12), (16, 16), (20, 20), (24, 24)]
(0, 0)*(-0.4967880987172717, 0.015820324875493785)*[(0, 0), (4, 4), (8, 8), (12, 12), (16, 16), (20, 20), (24, 24)]
(0, 0)*(-0.4948720135339548, 0.8564472117567522)*[(0, 0), (4, 4), (8, 8), (12, 12), (16, 16), (20, 20), (24, 24)]
(0, 0)*(0.9842341350727151, -0.002321049436961653)*[(0, 0), (4, 4), (8, 8), (12, 12), (16, 16), (20, 20), (24, 24)]
(0, 0)*(0.9069814646665566, -0.34384368036384955)*[(0, 0), (4, 4), (8, 8), (12, 12), (16, 16), (20, 20), (24, 24)]
(0, 0)*(-0.18743778156681, 0.5931438389678755)*[(0, 0), (4, 4), (8, 8), (12, 12), (16, 16), (20, 20), (24, 24)]
(0, 0)*(0.0008421718491304908, 0.9077015240830943)*[(0, 0), (4, 4), (8, 8), (12, 12), (16, 16), (20, 20), (24, 24)]
(0, 0)*(-0.02882169355147557, -0.4229835631012433)*[(0, 0), (4, 4), (8, 8), (12, 12), (16, 16), (20, 20), (24, 24)]
(0, 0)*(0.33520636229899936, -0.3397338979290757)*[(0, 0), (4, 4), (8, 8), (12, 12), (16, 16), (20, 20), (24, 24)]
(0, 0)*(-0.4155082951136231, 0.8493629782262677)*[(0, 0), (4, 4), (8, 8), (12, 12), (16, 16), (20, 20), (24, 24)]
(0, 0)*(0.46301211879362936, -0.23215096921627287)*[(0, 0), (4, 4), (8, 8), (12, 12), (16, 16), (20, 20), (24, 24)]
(0, 0)*(0.7565325059113999, 0.20053554665896445)*[(0, 0), (4, 4), (8, 8), (12, 12), (16, 16), (20, 20), (24, 24)]
(0, 0)*(0.6424188116607745, 0.6472349005037045)*[(0, 0), (4, 4), (8, 8), (12, 12), (16, 16), (20, 20), (24, 24)]
(0, 0)*(-0.29375102169872047, 0.6519147098896465)*[(0, 0), (4, 4), (8, 8), (12, 12), (16, 16), (20, 20), (24, 24)]
(0, 0)*(0.77700934541784, 0.5065708578836287)*[(0, 0), (4, 4), (8, 8), (12, 12), (16, 16), (20, 20), (24, 24)]
(0, 0)*(0.8030185751518051, -0.0014512792824208365)*[(0, 0), (4, 4), (8, 8), (12, 12), (16, 16), (20, 20), (24, 24)]
(0, 0)*(-0.4983083401103181, 0.8513715892279272)*[(0, 0), (4, 4), (8, 8), (12, 12), (16, 16), (20, 20), (24, 24)]
(0, 0)*(-0.36727389596061677, 0.30039331635070043)*[(0, 0), (4, 4), (8, 8), (12, 12), (16, 16), (20, 20), (24, 24)]
(0, 0)*(-0.16889499857925583, -0.024932214624852622)*[(0, 0), (4, 4), (8, 8), (12, 12), (16, 16), (20, 20), (24, 24)]
(0, 0)*(-0.6241746472311871, -0.4865822988549537)*[(0, 0), (4, 4), (8, 8), (12, 12), (16, 16), (20, 20), (24, 24)]
(0, 0)*(0.4472639057966348, -0.23805202875065046)*[(0, 0), (4, 4), (8, 8), (12, 12), (16, 16), (20, 20), (24, 24)]
(4, 4)*(12.472102921199895, 10.622728491835067)*[(0, 0), (4, 4), (8, 8), (12, 12), (16, 16), (20, 20), (24, 24)]
(4, 4)*(12.847325124245012, 10.376769037087332)*[(0, 0), (4, 4), (8, 8), (12, 12), (16, 16), (20, 20), (24, 24)]
(4, 4)*(12.832970796939069, 10.904604069788341)*[(0, 0), (4, 4), (8, 8), (12, 12), (16, 16), (20, 20), (24, 24)]
(4, 4)*(9.950056556848377, 7.548827874588913)*[(0, 0), (4, 4), (8, 8), (12, 12), (16, 16), (20, 20), (24, 24)]
(4, 4)*(8.129863507810262, 9.462795589937254)*[(0, 0), (4, 4), (8, 8), (12, 12), (16, 16), (20, 20), (24, 24)]
(4, 4)*(10.33094800828799, 8.66985579957815)*[(0, 0), (4, 4), (8, 8), (12, 12), (16, 16), (20, 20), (24, 24)]
(4, 4)*(9.371455467818093, 8.774118662365396)*[(0, 0), (4, 4), (8, 8), (12, 12), (16, 16), (20, 20), (24, 24)]
(4, 4)*(9.276209686228809, 7.124115784355193)*[(0, 0), (4, 4), (8, 8), (12, 12), (16, 16), (20, 20), (24, 24)]
(4, 4)*(10.630388155930662, 11.938076248276172)*[(0, 0), (4, 4), (8, 8), (12, 12), (16, 16), (20, 20), (24, 24)]
(4, 4)*(11.653448756383778, 8.719824819160422)*[(0, 0), (4, 4), (8, 8), (12, 12), (16, 16), (20, 20), (24, 24)]
(4, 4)*(7.287305851200492, 10.919029987527123)*[(0, 0), (4, 4), (8, 8), (12, 12), (16, 16), (20, 20), (24, 24)]
(4, 4)*(8.412912455391938, 8.413452754901458)*[(0, 0), (4, 4), (8, 8), (12, 12), (16, 16), (20, 20), (24, 24)]
(4, 4)*(7.199287584131849, 9.076731244183916)*[(0, 0), (4, 4), (8, 8), (12, 12), (16, 16), (20, 20), (24, 24)]
(4, 4)*(12.844309049245606, 10.361375642042654)*[(0, 0), (4, 4), (8, 8), (12, 12), (16, 16), (20, 20), (24, 24)]
(4, 4)*(9.07010055147111, 7.7441678809754775)*[(0, 0), (4, 4), (8, 8), (12, 12), (16, 16), (20, 20), (24, 24)]
(4, 4)*(7.6316643775459, 8.706714330156775)*[(0, 0), (4, 4), (8, 8), (12, 12), (16, 16), (20, 20), (24, 24)]
(4, 4)*(10.403160136654186, 8.923379370605476)*[(0, 0), (4, 4), (8, 8), (12, 12), (16, 16), (20, 20), (24, 24)]
(4, 4)*(7.303499242584159, 10.815784568851669)*[(0, 0), (4, 4), (8, 8), (12, 12), (16, 16), (20, 20), (24, 24)]
(4, 4)*(11.04317287220593, 10.785189326856855)*[(0, 0), (4, 4), (8, 8), (12, 12), (16, 16), (20, 20), (24, 24)]
(4, 4)*(9.403481330669575, 8.303795483343249)*[(0, 0), (4, 4), (8, 8), (12, 12), (16, 16), (20, 20), (24, 24)]
(4, 4)*(12.335564573585321, 10.520335158910122)*[(0, 0), (4, 4), (8, 8), (12, 12), (16, 16), (20, 20), (24, 24)]
(4, 4)*(12.335883717311617, 9.923328805568369)*[(0, 0), (4, 4), (8, 8), (12, 12), (16, 16), (20, 20), (24, 24)]
(4, 4)*(12.94494934801591, 10.250090658262065)*[(0, 0), (4, 4), (8, 8), (12, 12), (16, 16), (20, 20), (24, 24)]
(4, 4)*(7.953609937963965, 9.827643383358625)*[(0, 0), (4, 4), (8, 8), (12, 12), (16, 16), (20, 20), (24, 24)]
(4, 4)*(8.29745102417243, 9.42718890593207)*[(0, 0), (4, 4), (8, 8), (12, 12), (16, 16), (20, 20), (24, 24)]
(4, 4)*(10.633508857043932, 7.900606094321338)*[(0, 0), (4, 4), (8, 8), (12, 12), (16, 16), (20, 20), (24, 24)]
(4, 4)*(10.164755547714496, 9.064332729671882)*[(0, 0), (4, 4), (8, 8), (12, 12), (16, 16), (20, 20), (24, 24)]
(4, 4)*(9.099713036439235, 11.222371384108195)*[(0, 0), (4, 4), (8, 8), (12, 12), (16, 16), (20, 20), (24, 24)]
(4, 4)*(9.767644611220307, 9.848707679775082)*[(0, 0), (4, 4), (8, 8), (12, 12), (16, 16), (20, 20), (24, 24)]
(4, 4)*(10.798900827736196, 10.97527687710869)*[(0, 0), (4, 4), (8, 8), (12, 12), (16, 16), (20, 20), (24, 24)]
(4, 4)*(9.269495334056447, 12.635017630249436)*[(0, 0), (4, 4), (8, 8), (12, 12), (16, 16), (20, 20), (24, 24)]
(4, 4)*(9.067499265079986, 7.854281449225754)*[(0, 0), (4, 4), (8, 8), (12, 12), (16, 16), (20, 20), (24, 24)]
(4, 4)*(9.603701129661049, 11.755959458390814)*[(0, 0), (4, 4), (8, 8), (12, 12), (16, 16), (20, 20), (24, 24)]
(4, 4)*(10.697803386719322, 12.8016550043272)*[(0, 0), (4, 4), (8, 8), (12, 12), (16, 16), (20, 20), (24, 24)]
(4, 4)*(11.824375407111006, 7.991512219156128)*[(0, 0), (4, 4), (8, 8), (12, 12), (16, 16), (20, 20), (24, 24)]
(4, 4)*(7.830934707785942, 10.093460817424216)*[(0, 0), (4, 4), (8, 8), (12, 12), (16, 16), (20, 20), (24, 24)]
(4, 4)*(11.295420272131423, 10.278517568840595)*[(0, 0), (4, 4), (8, 8), (12, 12), (16, 16), (20, 20), (24, 24)]
(4, 4)*(9.011082211904156, 8.070226854363527)*[(0, 0), (4, 4), (8, 8), (12, 12), (16, 16), (20, 20), (24, 24)]
(4, 4)*(11.815034918421242, 8.025173150874176)*[(0, 0), (4, 4), (8, 8), (12, 12), (16, 16), (20, 20), (24, 24)]
(4, 4)*(11.521100111426184, 11.506790244800403)*[(0, 0), (4, 4), (8, 8), (12, 12), (16, 16), (20, 20), (24, 24)]
(4, 4)*(9.594654907401349, 7.093068731856568)*[(0, 0), (4, 4), (8, 8), (12, 12), (16, 16), (20, 20), (24, 24)]
(4, 4)*(8.38325761982866, 11.014674222882782)*[(0, 0), (4, 4), (8, 8), (12, 12), (16, 16), (20, 20), (24, 24)]
(4, 4)*(8.945958435543472, 10.596673211466314)*[(0, 0), (4, 4), (8, 8), (12, 12), (16, 16), (20, 20), (24, 24)]
(4, 4)*(9.720296259792509, 7.577635761483851)*[(0, 0), (4, 4), (8, 8), (12, 12), (16, 16), (20, 20), (24, 24)]
(4, 4)*(12.84034632611168, 10.41582798508589)*[(0, 0), (4, 4), (8, 8), (12, 12), (16, 16), (20, 20), (24, 24)]
(4, 4)*(10.60112479593934, 9.663645268028446)*[(0, 0), (4, 4), (8, 8), (12, 12), (16, 16), (20, 20), (24, 24)]
(4, 4)*(8.340469086665811, 10.362551803200775)*[(0, 0), (4, 4), (8, 8), (12, 12), (16, 16), (20, 20), (24, 24)]
(4, 4)*(7.0593950029325185, 9.72808535887131)*[(0, 0), (4, 4), (8, 8), (12, 12), (16, 16), (20, 20), (24, 24)]
(4, 4)*(7.363738500676203, 10.277160604743784)*[(0, 0), (4, 4), (8, 8), (12, 12), (16, 16), (20, 20), (24, 24)]
(4, 4)*(10.302248388008309, 10.212323335504603)*[(0, 0), (4, 4), (8, 8), (12, 12), (16, 16), (20, 20), (24, 24)]
(4, 4)*(10.655728531428263, 10.225430222611525)*[(0, 0), (4, 4), (8, 8), (12, 12), (16, 16), (20, 20), (24, 24)]
(4, 4)*(9.964657876990454, 12.457786118959492)*[(0, 0), (4, 4), (8, 8), (12, 12), (16, 16), (20, 20), (24, 24)]
(4, 4)*(10.410627279369114, 8.380452445044927)*[(0, 0), (4, 4), (8, 8), (12, 12), (16, 16), (20, 20), (24, 24)]
(4, 4)*(8.934452520226436, 10.31882440795045)*[(0, 0), (4, 4), (8, 8), (12, 12), (16, 16), (20, 20), (24, 24)]
(4, 4)*(12.131995154109326, 8.707061343034583)*[(0, 0), (4, 4), (8, 8), (12, 12), (16, 16), (20, 20), (24, 24)]
(4, 4)*(11.190794068639006, 8.457340525110656)*[(0, 0), (4, 4), (8, 8), (12, 12), (16, 16), (20, 20), (24, 24)]
(4, 4)*(12.478422886610204, 8.868766900694661)*[(0, 0), (4, 4), (8, 8), (12, 12), (16, 16), (20, 20), (24, 24)]
(4, 4)*(10.545488339525516, 8.038633711765323)*[(0, 0), (4, 4), (8, 8), (12, 12), (16, 16), (20, 20), (24, 24)]
(4, 4)*(10.07110764080932, 11.100508439103526)*[(0, 0), (4, 4), (8, 8), (12, 12), (16, 16), (20, 20), (24, 24)]
(4, 4)*(8.326520856992325, 8.538911747068383)*[(0, 0), (4, 4), (8, 8), (12, 12), (16, 16), (20, 20), (24, 24)]
(4, 4)*(9.273843123394116, 11.327215381178371)*[(0, 0), (4, 4), (8, 8), (12, 12), (16, 16), (20, 20), (24, 24)]
(4, 4)*(8.999179695318135, 9.27181674390953)*[(0, 0), (4, 4), (8, 8), (12, 12), (16, 16), (20, 20), (24, 24)]
(4, 4)*(12.547057480584083, 9.40564478787123)*[(0, 0), (4, 4), (8, 8), (12, 12), (16, 16), (20, 20), (24, 24)]
(4, 4)*(7.826454210335537, 7.972360993374906)*[(0, 0), (4, 4), (8, 8), (12, 12), (16, 16), (20, 20), (24, 24)]
(4, 4)*(12.943845875981149, 9.880326142566412)*[(0, 0), (4, 4), (8, 8), (12, 12), (16, 16), (20, 20), (24, 24)]
(4, 4)*(9.752553510613154, 10.223131360146605)*[(0, 0), (4, 4), (8, 8), (12, 12), (16, 16), (20, 20), (24, 24)]
(4, 4)*(12.084763038806312, 8.758988021606653)*[(0, 0), (4, 4), (8, 8), (12, 12), (16, 16), (20, 20), (24, 24)]
(4, 4)*(7.955655543675425, 11.056201748404112)*[(0, 0), (4, 4), (8, 8), (12, 12), (16, 16), (20, 20), (24, 24)]
(4, 4)*(8.67393942899123, 12.25775343010423)*[(0, 0), (4, 4), (8, 8), (12, 12), (16, 16), (20, 20), (24, 24)]
(4, 4)*(10.411874028196548, 9.123199837566204)*[(0, 0), (4, 4), (8, 8), (12, 12), (16, 16), (20, 20), (24, 24)]
(4, 4)*(8.750847479302081, 8.198425684529147)*[(0, 0), (4, 4), (8, 8), (12, 12), (16, 16), (20, 20), (24, 24)]
(4, 4)*(9.326988391775485, 9.943645385786123)*[(0, 0), (4, 4), (8, 8), (12, 12), (16, 16), (20, 20), (24, 24)]
(4, 4)*(7.761413102754707, 10.969527195212322)*[(0, 0), (4, 4), (8, 8), (12, 12), (16, 16), (20, 20), (24, 24)]
(4, 4)*(10.768902542220403, 12.319129532836929)*[(0, 0), (4, 4), (8, 8), (12, 12), (16, 16), (20, 20), (24, 24)]
(4, 4)*(8.557975000974954, 9.797176964028536)*[(0, 0), (4, 4), (8, 8), (12, 12), (16, 16), (20, 20), (24, 24)]
(4, 4)*(8.504575812185342, 7.650026793595156)*[(0, 0), (4, 4), (8, 8), (12, 12), (16, 16), (20, 20), (24, 24)]
(4, 4)*(11.01377416336294, 10.993806199543382)*[(0, 0), (4, 4), (8, 8), (12, 12), (16, 16), (20, 20), (24, 24)]
(4, 4)*(9.316504357361541, 11.374127395373705)*[(0, 0), (4, 4), (8, 8), (12, 12), (16, 16), (20, 20), (24, 24)]
(4, 4)*(10.622608440773249, 10.3214729567343)*[(0, 0), (4, 4), (8, 8), (12, 12), (16, 16), (20, 20), (24, 24)]
(4, 4)*(11.241159163466365, 11.990013427735565)*[(0, 0), (4, 4), (8, 8), (12, 12), (16, 16), (20, 20), (24, 24)]
(4, 4)*(11.503103993737714, 10.653961109787142)*[(0, 0), (4, 4), (8, 8), (12, 12), (16, 16), (20, 20), (24, 24)]
(4, 4)*(12.728902953654345, 9.770450599366104)*[(0, 0), (4, 4), (8, 8), (12, 12), (16, 16), (20, 20), (24, 24)]
(4, 4)*(7.238688062975746, 9.921651340152282)*[(0, 0), (4, 4), (8, 8), (12, 12), (16, 16), (20, 20), (24, 24)]
(4, 4)*(12.638705712071616, 8.576044238306386)*[(0, 0), (4, 4), (8, 8), (12, 12), (16, 16), (20, 20), (24, 24)]
(4, 4)*(12.771656437549868, 8.920676379580843)*[(0, 0), (4, 4), (8, 8), (12, 12), (16, 16), (20, 20), (24, 24)]
(4, 4)*(8.842717596236977, 12.051095070617455)*[(0, 0), (4, 4), (8, 8), (12, 12), (16, 16), (20, 20), (24, 24)]
(4, 4)*(11.538757418332883, 8.556424988945967)*[(0, 0), (4, 4), (8, 8), (12, 12), (16, 16), (20, 20), (24, 24)]
(4, 4)*(10.920249525918262, 9.035604996474284)*[(0, 0), (4, 4), (8, 8), (12, 12), (16, 16), (20, 20), (24, 24)]
(4, 4)*(7.556059391858675, 9.25818881480435)*[(0, 0), (4, 4), (8, 8), (12, 12), (16, 16), (20, 20), (24, 24)]
(4, 4)*(12.264308481904932, 11.011380847908066)*[(0, 0), (4, 4), (8, 8), (12, 12), (16, 16), (20, 20), (24, 24)]
(4, 4)*(10.652861234753113, 12.158294719367866)*[(0, 0), (4, 4), (8, 8), (12, 12), (16, 16), (20, 20), (24, 24)]
(4, 4)*(11.686378176599193, 10.449994425516918)*[(0, 0), (4, 4), (8, 8), (12, 12), (16, 16), (20, 20), (24, 24)]
(4, 4)*(7.146940806844959, 10.03768513093128)*[(0, 0), (4, 4), (8, 8), (12, 12), (16, 16), (20, 20), (24, 24)]
(4, 4)*(11.141156447367024, 10.20937634530804)*[(0, 0), (4, 4), (8, 8), (12, 12), (16, 16), (20, 20), (24, 24)]
(4, 4)*(10.759654623968746, 8.986267288558064)*[(0, 0), (4, 4), (8, 8), (12, 12), (16, 16), (20, 20), (24, 24)]
(4, 4)*(9.811177821450185, 11.250414649451741)*[(0, 0), (4, 4), (8, 8), (12, 12), (16, 16), (20, 20), (24, 24)]
(4, 4)*(7.521699386602981, 10.252112146855405)*[(0, 0), (4, 4), (8, 8), (12, 12), (16, 16), (20, 20), (24, 24)]
(4, 4)*(11.597547699317126, 11.610171835366558)*[(0, 0), (4, 4), (8, 8), (12, 12), (16, 16), (20, 20), (24, 24)]
(4, 4)*(8.852276064652719, 8.922217768844977)*[(0, 0), (4, 4), (8, 8), (12, 12), (16, 16), (20, 20), (24, 24)]
(4, 4)*(11.439334626128016, 12.490949880465156)*[(0, 0), (4, 4), (8, 8), (12, 12), (16, 16), (20, 20), (24, 24)]
(8, 8)*(17.83034668886824, 9.165883264303755)*[(0, 0), (4, 4), (8, 8), (12, 12), (16, 16), (20, 20), (24, 24)]
(8, 8)*(16.91259468599841, 10.562843344384692)*[(0, 0), (4, 4), (8, 8), (12, 12), (16, 16), (20, 20), (24, 24)]
(8, 8)*(20.73805731114008, 10.799203614377948)*[(0, 0), (4, 4), (8, 8), (12, 12), (16, 16), (20, 20), (24, 24)]
(8, 8)*(18.227913638303008, 11.322559378009512)*[(0, 0), (4, 4), (8, 8), (12, 12), (16, 16), (20, 20), (24, 24)]
(8, 8)*(19.137052600678743, 5.555678304463206)*[(0, 0), (4, 4), (8, 8), (12, 12), (16, 16), (20, 20), (24, 24)]
(8, 8)*(22.516084235369348, 6.186081598988802)*[(0, 0), (4, 4), (8, 8), (12, 12), (16, 16), (20, 20), (24, 24)]
(8, 8)*(21.081822564742616, 5.86889806949255)*[(0, 0), (4, 4), (8, 8), (12, 12), (16, 16), (20, 20), (24, 24)]
(8, 8)*(16.636655193955928, 7.7762140297356055)*[(0, 0), (4, 4), (8, 8), (12, 12), (16, 16), (20, 20), (24, 24)]
(8, 8)*(23.529077477406776, 11.052560211410947)*[(0, 0), (4, 4), (8, 8), (12, 12), (16, 16), (20, 20), (24, 24)]
(8, 8)*(22.974235802068, 9.934407923648214)*[(0, 0), (4, 4), (8, 8), (12, 12), (16, 16), (20, 20), (24, 24)]
(8, 8)*(18.96595851056055, 12.739592402964735)*[(0, 0), (4, 4), (8, 8), (12, 12), (16, 16), (20, 20), (24, 24)]
(8, 8)*(23.260020436109002, 10.247055709230175)*[(0, 0), (4, 4), (8, 8), (12, 12), (16, 16), (20, 20), (24, 24)]
(8, 8)*(16.516742223506842, 12.800815611426922)*[(0, 0), (4, 4), (8, 8), (12, 12), (16, 16), (20, 20), (24, 24)]
(8, 8)*(23.029131863766267, 7.659205616356358)*[(0, 0), (4, 4), (8, 8), (12, 12), (16, 16), (20, 20), (24, 24)]
(8, 8)*(16.61876686110136, 8.13566395153726)*[(0, 0), (4, 4), (8, 8), (12, 12), (16, 16), (20, 20), (24, 24)]
(8, 8)*(17.385066192588486, 6.639148277703999)*[(0, 0), (4, 4), (8, 8), (12, 12), (16, 16), (20, 20), (24, 24)]
(8, 8)*(15.423498788957128, 11.33873582838735)*[(0, 0), (4, 4), (8, 8), (12, 12), (16, 16), (20, 20), (24, 24)]
(8, 8)*(19.682346944678507, 6.528037878796293)*[(0, 0), (4, 4), (8, 8), (12, 12), (16, 16), (20, 20), (24, 24)]
(8, 8)*(15.534069156583115, 12.059457948557329)*[(0, 0), (4, 4), (8, 8), (12, 12), (16, 16), (20, 20), (24, 24)]
(8, 8)*(19.817217199963846, 13.995948449958332)*[(0, 0), (4, 4), (8, 8), (12, 12), (16, 16), (20, 20), (24, 24)]
(8, 8)*(19.71062731848717, 5.039791403813799)*[(0, 0), (4, 4), (8, 8), (12, 12), (16, 16), (20, 20), (24, 24)]
(8, 8)*(24.20315048700629, 9.200484223621485)*[(0, 0), (4, 4), (8, 8), (12, 12), (16, 16), (20, 20), (24, 24)]
(8, 8)*(19.101805136331865, 10.552050270008419)*[(0, 0), (4, 4), (8, 8), (12, 12), (16, 16), (20, 20), (24, 24)]
(8, 8)*(21.162693984129497, 11.087869014221676)*[(0, 0), (4, 4), (8, 8), (12, 12), (16, 16), (20, 20), (24, 24)]
(8, 8)*(21.7313617376305, 12.409243890564456)*[(0, 0), (4, 4), (8, 8), (12, 12), (16, 16), (20, 20), (24, 24)]
(8, 8)*(22.96797880295977, 5.983049379819802)*[(0, 0), (4, 4), (8, 8), (12, 12), (16, 16), (20, 20), (24, 24)]
(8, 8)*(15.285909535057193, 10.561006014849527)*[(0, 0), (4, 4), (8, 8), (12, 12), (16, 16), (20, 20), (24, 24)]
(8, 8)*(23.842233476581388, 9.097044818132474)*[(0, 0), (4, 4), (8, 8), (12, 12), (16, 16), (20, 20), (24, 24)]
(8, 8)*(21.9182482676393, 7.502084480793158)*[(0, 0), (4, 4), (8, 8), (12, 12), (16, 16), (20, 20), (24, 24)]
(8, 8)*(19.44098814653646, 6.2748767806156085)*[(0, 0), (4, 4), (8, 8), (12, 12), (16, 16), (20, 20), (24, 24)]
(8, 8)*(24.96437574197151, 10.370762632840696)*[(0, 0), (4, 4), (8, 8), (12, 12), (16, 16), (20, 20), (24, 24)]
(8, 8)*(19.896161915562978, 11.070470629203651)*[(0, 0), (4, 4), (8, 8), (12, 12), (16, 16), (20, 20), (24, 24)]
(8, 8)*(20.500124808987234, 6.817516530817837)*[(0, 0), (4, 4), (8, 8), (12, 12), (16, 16), (20, 20), (24, 24)]
(8, 8)*(24.922688012965818, 9.877401866179929)*[(0, 0), (4, 4), (8, 8), (12, 12), (16, 16), (20, 20), (24, 24)]
(8, 8)*(20.478754220248042, 5.857129497754487)*[(0, 0), (4, 4), (8, 8), (12, 12), (16, 16), (20, 20), (24, 24)]
(8, 8)*(22.229550287033252, 13.911089105336135)*[(0, 0), (4, 4), (8, 8), (12, 12), (16, 16), (20, 20), (24, 24)]
(8, 8)*(15.111431262973687, 10.85298708737157)*[(0, 0), (4, 4), (8, 8), (12, 12), (16, 16), (20, 20), (24, 24)]
(8, 8)*(24.513393569056714, 7.931253611180266)*[(0, 0), (4, 4), (8, 8), (12, 12), (16, 16), (20, 20), (24, 24)]
(8, 8)*(18.720055723913795, 9.822432034917643)*[(0, 0), (4, 4), (8, 8), (12, 12), (16, 16), (20, 20), (24, 24)]
(8, 8)*(19.03039240251049, 10.958178756071089)*[(0, 0), (4, 4), (8, 8), (12, 12), (16, 16), (20, 20), (24, 24)]
(8, 8)*(17.047235664945152, 10.486044853019116)*[(0, 0), (4, 4), (8, 8), (12, 12), (16, 16), (20, 20), (24, 24)]
(8, 8)*(19.274352326807403, 10.953629068951653)*[(0, 0), (4, 4), (8, 8), (12, 12), (16, 16), (20, 20), (24, 24)]
(8, 8)*(17.985539753514967, 8.923786041128949)*[(0, 0), (4, 4), (8, 8), (12, 12), (16, 16), (20, 20), (24, 24)]
(8, 8)*(15.10752568307836, 9.927200649034067)*[(0, 0), (4, 4), (8, 8), (12, 12), (16, 16), (20, 20), (24, 24)]
(8, 8)*(19.559760900850158, 11.676623959501846)*[(0, 0), (4, 4), (8, 8), (12, 12), (16, 16), (20, 20), (24, 24)]
(8, 8)*(23.776707248336372, 12.10996839804595)*[(0, 0), (4, 4), (8, 8), (12, 12), (16, 16), (20, 20), (24, 24)]
(8, 8)*(16.030353859805423, 7.0137148069201505)*[(0, 0), (4, 4), (8, 8), (12, 12), (16, 16), (20, 20), (24, 24)]
(8, 8)*(19.29990015912205, 6.23499454304712)*[(0, 0), (4, 4), (8, 8), (12, 12), (16, 16), (20, 20), (24, 24)]
(8, 8)*(21.35467293838893, 10.464886570791396)*[(0, 0), (4, 4), (8, 8), (12, 12), (16, 16), (20, 20), (24, 24)]
(8, 8)*(16.464291613593822, 12.07728771670888)*[(0, 0), (4, 4), (8, 8), (12, 12), (16, 16), (20, 20), (24, 24)]
(8, 8)*(19.145641362165236, 9.506761186261677)*[(0, 0), (4, 4), (8, 8), (12, 12), (16, 16), (20, 20), (24, 24)]
(8, 8)*(20.001095827208243, 10.037777695587721)*[(0, 0), (4, 4), (8, 8), (12, 12), (16, 16), (20, 20), (24, 24)]
(8, 8)*(22.743225275933185, 9.39083747045451)*[(0, 0), (4, 4), (8, 8), (12, 12), (16, 16), (20, 20), (24, 24)]
(8, 8)*(17.773505691559194, 6.2152741300173275)*[(0, 0), (4, 4), (8, 8), (12, 12), (16, 16), (20, 20), (24, 24)]
(8, 8)*(17.061046846748745, 9.688185438609516)*[(0, 0), (4, 4), (8, 8), (12, 12), (16, 16), (20, 20), (24, 24)]
(8, 8)*(17.287244684242975, 6.185432756215445)*[(0, 0), (4, 4), (8, 8), (12, 12), (16, 16), (20, 20), (24, 24)]
(8, 8)*(23.705878339427237, 10.800899635049205)*[(0, 0), (4, 4), (8, 8), (12, 12), (16, 16), (20, 20), (24, 24)]
(8, 8)*(17.647188383455358, 9.385613877822294)*[(0, 0), (4, 4), (8, 8), (12, 12), (16, 16), (20, 20), (24, 24)]
(8, 8)*(21.47241930769743, 6.890393710965447)*[(0, 0), (4, 4), (8, 8), (12, 12), (16, 16), (20, 20), (24, 24)]
(8, 8)*(21.468987899345297, 11.295808037632948)*[(0, 0), (4, 4), (8, 8), (12, 12), (16, 16), (20, 20), (24, 24)]
(8, 8)*(22.007888382506362, 10.373925479971636)*[(0, 0), (4, 4), (8, 8), (12, 12), (16, 16), (20, 20), (24, 24)]
(8, 8)*(18.539239814250386, 14.216079407849692)*[(0, 0), (4, 4), (8, 8), (12, 12), (16, 16), (20, 20), (24, 24)]
(8, 8)*(16.093010283395486, 10.761968522954986)*[(0, 0), (4, 4), (8, 8), (12, 12), (16, 16), (20, 20), (24, 24)]
(8, 8)*(21.154285870363097, 8.058107133231609)*[(0, 0), (4, 4), (8, 8), (12, 12), (16, 16), (20, 20), (24, 24)]
(8, 8)*(24.883778615854723, 10.54730539994154)*[(0, 0), (4, 4), (8, 8), (12, 12), (16, 16), (20, 20), (24, 24)]
(8, 8)*(19.635176704161207, 11.600473083141406)*[(0, 0), (4, 4), (8, 8), (12, 12), (16, 16), (20, 20), (24, 24)]
(8, 8)*(16.96680047088141, 9.741122100729388)*[(0, 0), (4, 4), (8, 8), (12, 12), (16, 16), (20, 20), (24, 24)]
(8, 8)*(22.286761035616564, 8.207750089707892)*[(0, 0), (4, 4), (8, 8), (12, 12), (16, 16), (20, 20), (24, 24)]
(8, 8)*(24.882022922367167, 10.37879952517295)*[(0, 0), (4, 4), (8, 8), (12, 12), (16, 16), (20, 20), (24, 24)]
(8, 8)*(23.31199576028786, 10.388676367502685)*[(0, 0), (4, 4), (8, 8), (12, 12), (16, 16), (20, 20), (24, 24)]
(8, 8)*(19.518414974806877, 9.935349105568747)*[(0, 0), (4, 4), (8, 8), (12, 12), (16, 16), (20, 20), (24, 24)]
(8, 8)*(19.219227743603717, 7.626564849355518)*[(0, 0), (4, 4), (8, 8), (12, 12), (16, 16), (20, 20), (24, 24)]
(8, 8)*(18.20163065606396, 13.087434923281645)*[(0, 0), (4, 4), (8, 8), (12, 12), (16, 16), (20, 20), (24, 24)]
(8, 8)*(15.489131760808965, 9.646231370363601)*[(0, 0), (4, 4), (8, 8), (12, 12), (16, 16), (20, 20), (24, 24)]
(8, 8)*(21.008531956012202, 11.668051596732724)*[(0, 0), (4, 4), (8, 8), (12, 12), (16, 16), (20, 20), (24, 24)]
(8, 8)*(21.149719954046347, 10.552275866641407)*[(0, 0), (4, 4), (8, 8), (12, 12), (16, 16), (20, 20), (24, 24)]
(8, 8)*(23.56174914548069, 8.5718885415049)*[(0, 0), (4, 4), (8, 8), (12, 12), (16, 16), (20, 20), (24, 24)]
(8, 8)*(20.137442863555307, 7.482051002348088)*[(0, 0), (4, 4), (8, 8), (12, 12), (16, 16), (20, 20), (24, 24)]
(8, 8)*(22.75210887759082, 12.21137686269348)*[(0, 0), (4, 4), (8, 8), (12, 12), (16, 16), (20, 20), (24, 24)]
(8, 8)*(24.303448528864475, 9.3535010986612)*[(0, 0), (4, 4), (8, 8), (12, 12), (16, 16), (20, 20), (24, 24)]
(8, 8)*(20.115722003080077, 9.99944397667884)*[(0, 0), (4, 4), (8, 8), (12, 12), (16, 16), (20, 20), (24, 24)]
(8, 8)*(19.165989794449466, 8.73446069958875)*[(0, 0), (4, 4), (8, 8), (12, 12), (16, 16), (20, 20), (24, 24)]
(8, 8)*(24.078481171547516, 9.359849198115814)*[(0, 0), (4, 4), (8, 8), (12, 12), (16, 16), (20, 20), (24, 24)]
(8, 8)*(16.88092896159385, 7.322806740663284)*[(0, 0), (4, 4), (8, 8), (12, 12), (16, 16), (20, 20), (24, 24)]
(8, 8)*(23.888965229592255, 9.279267851886782)*[(0, 0), (4, 4), (8, 8), (12, 12), (16, 16), (20, 20), (24, 24)]
(8, 8)*(23.754001284108334, 10.34486878091762)*[(0, 0), (4, 4), (8, 8), (12, 12), (16, 16), (20, 20), (24, 24)]
(8, 8)*(15.781071439235493, 8.454499375417432)*[(0, 0), (4, 4), (8, 8), (12, 12), (16, 16), (20, 20), (24, 24)]
(8, 8)*(18.866130101126377, 13.220744677408145)*[(0, 0), (4, 4), (8, 8), (12, 12), (16, 16), (20, 20), (24, 24)]
(8, 8)*(20.72309950514588, 11.570288408097364)*[(0, 0), (4, 4), (8, 8), (12, 12), (16, 16), (20, 20), (24, 24)]
(8, 8)*(22.714207552086187, 12.105256599041462)*[(0, 0), (4, 4), (8, 8), (12, 12), (16, 16), (20, 20), (24, 24)]
(8, 8)*(21.267687562422797, 6.437876885865782)*[(0, 0), (4, 4), (8, 8), (12, 12), (16, 16), (20, 20), (24, 24)]
(8, 8)*(20.722071088497017, 12.366586342807409)*[(0, 0), (4, 4), (8, 8), (12, 12), (16, 16), (20, 20), (24, 24)]
(8, 8)*(16.2434340399343, 7.432952661307056)*[(0, 0), (4, 4), (8, 8), (12, 12), (16, 16), (20, 20), (24, 24)]
(8, 8)*(16.14720354829731, 10.359363850021182)*[(0, 0), (4, 4), (8, 8), (12, 12), (16, 16), (20, 20), (24, 24)]
(8, 8)*(19.775786754239647, 5.988850197471622)*[(0, 0), (4, 4), (8, 8), (12, 12), (16, 16), (20, 20), (24, 24)]
(8, 8)*(23.81853789029949, 8.351960256804174)*[(0, 0), (4, 4), (8, 8), (12, 12), (16, 16), (20, 20), (24, 24)]
(8, 8)*(22.449557166690735, 13.741426716269526)*[(0, 0), (4, 4), (8, 8), (12, 12), (16, 16), (20, 20), (24, 24)]
(8, 8)*(20.904124490726232, 6.915126242775759)*[(0, 0), (4, 4), (8, 8), (12, 12), (16, 16), (20, 20), (24, 24)]
(8, 8)*(20.589075073981014, 13.084435639352314)*[(0, 0), (4, 4), (8, 8), (12, 12), (16, 16), (20, 20), (24, 24)]
(8, 8)*(21.425515105640216, 12.929180718938108)*[(0, 0), (4, 4), (8, 8), (12, 12), (16, 16), (20, 20), (24, 24)]
(12, 12)*(7.301210059222608, 3.541242401507509)*[(0, 0), (4, 4), (8, 8), (12, 12), (16, 16), (20, 20), (24, 24)]
(12, 12)*(11.522278044444537, 3.2004634349851644)*[(0, 0), (4, 4), (8, 8), (12, 12), (16, 16), (20, 20), (24, 24)]
(12, 12)*(6.136559796295146, 2.2611865624168845)*[(0, 0), (4, 4), (8, 8), (12, 12), (16, 16), (20, 20), (24, 24)]
(12, 12)*(11.078235303193196, 1.884499974071908)*[(0, 0), (4, 4), (8, 8), (12, 12), (16, 16), (20, 20), (24, 24)]
(12, 12)*(13.884868083005795, 1.5549854346206278)*[(0, 0), (4, 4), (8, 8), (12, 12), (16, 16), (20, 20), (24, 24)]
(12, 12)*(8.648976816613104, 2.2148049805575343)*[(0, 0), (4, 4), (8, 8), (12, 12), (16, 16), (20, 20), (24, 24)]
(12, 12)*(11.541289824370356, 3.2930196780540726)*[(0, 0), (4, 4), (8, 8), (12, 12), (16, 16), (20, 20), (24, 24)]
(12, 12)*(6.523077317949855, 2.736179817735691)*[(0, 0), (4, 4), (8, 8), (12, 12), (16, 16), (20, 20), (24, 24)]
(12, 12)*(13.672308073550155, 2.992865123797138)*[(0, 0), (4, 4), (8, 8), (12, 12), (16, 16), (20, 20), (24, 24)]
(12, 12)*(6.750192890585733, 1.8869235363032817)*[(0, 0), (4, 4), (8, 8), (12, 12), (16, 16), (20, 20), (24, 24)]
(12, 12)*(13.513523217487148, 2.9412525669701832)*[(0, 0), (4, 4), (8, 8), (12, 12), (16, 16), (20, 20), (24, 24)]
(12, 12)*(8.666116846894768, -0.2246039154964663)*[(0, 0), (4, 4), (8, 8), (12, 12), (16, 16), (20, 20), (24, 24)]
(12, 12)*(7.549822212423215, 1.1033447750804264)*[(0, 0), (4, 4), (8, 8), (12, 12), (16, 16), (20, 20), (24, 24)]
(12, 12)*(8.146814158387444, 3.857661397293995)*[(0, 0), (4, 4), (8, 8), (12, 12), (16, 16), (20, 20), (24, 24)]
(12, 12)*(13.173369873331318, 4.389417672042315)*[(0, 0), (4, 4), (8, 8), (12, 12), (16, 16), (20, 20), (24, 24)]
(12, 12)*(12.176189285263526, -0.9527859638948594)*[(0, 0), (4, 4), (8, 8), (12, 12), (16, 16), (20, 20), (24, 24)]
(12, 12)*(7.391434567009709, 1.1206164316606464)*[(0, 0), (4, 4), (8, 8), (12, 12), (16, 16), (20, 20), (24, 24)]
(12, 12)*(13.050817887392197, 0.9343772513511572)*[(0, 0), (4, 4), (8, 8), (12, 12), (16, 16), (20, 20), (24, 24)]
(12, 12)*(12.489286522311119, 0.45939014314526494)*[(0, 0), (4, 4), (8, 8), (12, 12), (16, 16), (20, 20), (24, 24)]
(12, 12)*(10.348742315363104, 5.923894417445919)*[(0, 0), (4, 4), (8, 8), (12, 12), (16, 16), (20, 20), (24, 24)]
(12, 12)*(12.674600290403784, -0.08088577424178767)*[(0, 0), (4, 4), (8, 8), (12, 12), (16, 16), (20, 20), (24, 24)]
(12, 12)*(10.912134855486986, 0.6630234793792309)*[(0, 0), (4, 4), (8, 8), (12, 12), (16, 16), (20, 20), (24, 24)]
(12, 12)*(12.173907978405563, 3.6918415710597943)*[(0, 0), (4, 4), (8, 8), (12, 12), (16, 16), (20, 20), (24, 24)]
(12, 12)*(12.662423436387819, 0.2682187640026661)*[(0, 0), (4, 4), (8, 8), (12, 12), (16, 16), (20, 20), (24, 24)]
(12, 12)*(11.0578034258257, -0.962660534357574)*[(0, 0), (4, 4), (8, 8), (12, 12), (16, 16), (20, 20), (24, 24)]
(12, 12)*(10.790495056776276, 1.2492188203347365)*[(0, 0), (4, 4), (8, 8), (12, 12), (16, 16), (20, 20), (24, 24)]
(12, 12)*(8.416948590092273, 2.776735686457561)*[(0, 0), (4, 4), (8, 8), (12, 12), (16, 16), (20, 20), (24, 24)]
(12, 12)*(8.833243715269646, 5.393996779200689)*[(0, 0), (4, 4), (8, 8), (12, 12), (16, 16), (20, 20), (24, 24)]
(12, 12)*(10.429326803610731, 0.3980968400503233)*[(0, 0), (4, 4), (8, 8), (12, 12), (16, 16), (20, 20), (24, 24)]
(12, 12)*(10.874051311588321, 2.2614960191999667)*[(0, 0), (4, 4), (8, 8), (12, 12), (16, 16), (20, 20), (24, 24)]
(12, 12)*(7.456634377695744, 3.287930854496357)*[(0, 0), (4, 4), (8, 8), (12, 12), (16, 16), (20, 20), (24, 24)]
(12, 12)*(7.650022146580943, 0.1368102318929254)*[(0, 0), (4, 4), (8, 8), (12, 12), (16, 16), (20, 20), (24, 24)]
(12, 12)*(8.932591668055561, 4.900346673487887)*[(0, 0), (4, 4), (8, 8), (12, 12), (16, 16), (20, 20), (24, 24)]
(12, 12)*(8.56968379262998, 5.017094510973998)*[(0, 0), (4, 4), (8, 8), (12, 12), (16, 16), (20, 20), (24, 24)]
(12, 12)*(6.2278648493319215, 1.106117064124723)*[(0, 0), (4, 4), (8, 8), (12, 12), (16, 16), (20, 20), (24, 24)]
(12, 12)*(12.51325118099497, 3.2626310369610274)*[(0, 0), (4, 4), (8, 8), (12, 12), (16, 16), (20, 20), (24, 24)]
(12, 12)*(13.195226300427219, 2.311938747881899)*[(0, 0), (4, 4), (8, 8), (12, 12), (16, 16), (20, 20), (24, 24)]
(12, 12)*(11.448941067425839, 5.3548969262903245)*[(0, 0), (4, 4), (8, 8), (12, 12), (16, 16), (20, 20), (24, 24)]
(12, 12)*(12.672760896611713, 3.4801881019361773)*[(0, 0), (4, 4), (8, 8), (12, 12), (16, 16), (20, 20), (24, 24)]
(12, 12)*(11.675483098393151, 4.554371119525902)*[(0, 0), (4, 4), (8, 8), (12, 12), (16, 16), (20, 20), (24, 24)]
(12, 12)*(8.571610611726001, 1.9138132216173354)*[(0, 0), (4, 4), (8, 8), (12, 12), (16, 16), (20, 20), (24, 24)]
(12, 12)*(6.635187185982628, 1.245207490309398)*[(0, 0), (4, 4), (8, 8), (12, 12), (16, 16), (20, 20), (24, 24)]
(12, 12)*(11.510220526403337, -0.6133391045144572)*[(0, 0), (4, 4), (8, 8), (12, 12), (16, 16), (20, 20), (24, 24)]
(12, 12)*(12.543139686226436, -0.7236162264808804)*[(0, 0), (4, 4), (8, 8), (12, 12), (16, 16), (20, 20), (24, 24)]
(12, 12)*(10.41796491484055, 3.0258285995614087)*[(0, 0), (4, 4), (8, 8), (12, 12), (16, 16), (20, 20), (24, 24)]
(12, 12)*(7.914141451069098, 0.07825909251854846)*[(0, 0), (4, 4), (8, 8), (12, 12), (16, 16), (20, 20), (24, 24)]
(12, 12)*(10.330447837854429, 0.2308904524920794)*[(0, 0), (4, 4), (8, 8), (12, 12), (16, 16), (20, 20), (24, 24)]
(12, 12)*(9.45596125063626, -0.4665591178521564)*[(0, 0), (4, 4), (8, 8), (12, 12), (16, 16), (20, 20), (24, 24)]
(12, 12)*(10.610493911195187, 0.893148877962552)*[(0, 0), (4, 4), (8, 8), (12, 12), (16, 16), (20, 20), (24, 24)]
(12, 12)*(7.547345894740448, 3.431914125258764)*[(0, 0), (4, 4), (8, 8), (12, 12), (16, 16), (20, 20), (24, 24)]
(12, 12)*(8.189990865088877, 0.011834371603403726)*[(0, 0), (4, 4), (8, 8), (12, 12), (16, 16), (20, 20), (24, 24)]
(12, 12)*(9.677674395828523, 5.465978029197166)*[(0, 0), (4, 4), (8, 8), (12, 12), (16, 16), (20, 20), (24, 24)]
(12, 12)*(10.48880356649244, 0.9186109350884584)*[(0, 0), (4, 4), (8, 8), (12, 12), (16, 16), (20, 20), (24, 24)]
(12, 12)*(13.608667911523838, 1.3854081199074564)*[(0, 0), (4, 4), (8, 8), (12, 12), (16, 16), (20, 20), (24, 24)]
(12, 12)*(6.095063794820468, 2.4639143947687407)*[(0, 0), (4, 4), (8, 8), (12, 12), (16, 16), (20, 20), (24, 24)]
(12, 12)*(7.672986468610684, 0.3303090174991783)*[(0, 0), (4, 4), (8, 8), (12, 12), (16, 16), (20, 20), (24, 24)]
(12, 12)*(8.38529753890315, 4.124457680843433)*[(0, 0), (4, 4), (8, 8), (12, 12), (16, 16), (20, 20), (24, 24)]
(12, 12)*(10.079283557480315, -1.600850150420456)*[(0, 0), (4, 4), (8, 8), (12, 12), (16, 16), (20, 20), (24, 24)]
(12, 12)*(11.336604968681023, 1.8326069966047434)*[(0, 0), (4, 4), (8, 8), (12, 12), (16, 16), (20, 20), (24, 24)]
(12, 12)*(9.329791543987099, 5.123514371493693)*[(0, 0), (4, 4), (8, 8), (12, 12), (16, 16), (20, 20), (24, 24)]
(12, 12)*(6.293018322055585, 2.7131807549450686)*[(0, 0), (4, 4), (8, 8), (12, 12), (16, 16), (20, 20), (24, 24)]
(12, 12)*(12.252129179009877, 1.6724987119377608)*[(0, 0), (4, 4), (8, 8), (12, 12), (16, 16), (20, 20), (24, 24)]
(12, 12)*(12.394864068283297, 4.528213591102352)*[(0, 0), (4, 4), (8, 8), (12, 12), (16, 16), (20, 20), (24, 24)]
(12, 12)*(12.59563489257685, 4.399128002525178)*[(0, 0), (4, 4), (8, 8), (12, 12), (16, 16), (20, 20), (24, 24)]
(12, 12)*(9.486911235899562, 3.9549730486646415)*[(0, 0), (4, 4), (8, 8), (12, 12), (16, 16), (20, 20), (24, 24)]
(12, 12)*(13.65365648655255, 3.3179196760856327)*[(0, 0), (4, 4), (8, 8), (12, 12), (16, 16), (20, 20), (24, 24)]
(12, 12)*(9.489626989932086, -1.1637245802272063)*[(0, 0), (4, 4), (8, 8), (12, 12), (16, 16), (20, 20), (24, 24)]
(12, 12)*(10.50945978012057, 4.60696628711367)*[(0, 0), (4, 4), (8, 8), (12, 12), (16, 16), (20, 20), (24, 24)]
(12, 12)*(12.6077145222839, 2.379651808471857)*[(0, 0), (4, 4), (8, 8), (12, 12), (16, 16), (20, 20), (24, 24)]
(12, 12)*(12.342813916612918, 5.236236269807146)*[(0, 0), (4, 4), (8, 8), (12, 12), (16, 16), (20, 20), (24, 24)]
(12, 12)*(13.2096080948471, 0.2063946505182951)*[(0, 0), (4, 4), (8, 8), (12, 12), (16, 16), (20, 20), (24, 24)]
(12, 12)*(10.75980847550207, 3.5965059852244616)*[(0, 0), (4, 4), (8, 8), (12, 12), (16, 16), (20, 20), (24, 24)]
(12, 12)*(12.781301466596856, 4.597308682070503)*[(0, 0), (4, 4), (8, 8), (12, 12), (16, 16), (20, 20), (24, 24)]
(12, 12)*(10.219042677129819, -1.3764917173803788)*[(0, 0), (4, 4), (8, 8), (12, 12), (16, 16), (20, 20), (24, 24)]
(12, 12)*(13.075222800740644, 3.267974709012805)*[(0, 0), (4, 4), (8, 8), (12, 12), (16, 16), (20, 20), (24, 24)]
(12, 12)*(11.43620727450898, 0.6254390503658152)*[(0, 0), (4, 4), (8, 8), (12, 12), (16, 16), (20, 20), (24, 24)]
(12, 12)*(12.93957139449453, 0.5283500815171425)*[(0, 0), (4, 4), (8, 8), (12, 12), (16, 16), (20, 20), (24, 24)]
(12, 12)*(11.278254390448208, -1.4838510034671022)*[(0, 0), (4, 4), (8, 8), (12, 12), (16, 16), (20, 20), (24, 24)]
(12, 12)*(13.859103546394506, 1.6410610966609747)*[(0, 0), (4, 4), (8, 8), (12, 12), (16, 16), (20, 20), (24, 24)]
(12, 12)*(8.037940905159292, -1.374267862200254)*[(0, 0), (4, 4), (8, 8), (12, 12), (16, 16), (20, 20), (24, 24)]
(12, 12)*(9.306438389494565, 3.2351334363053543)*[(0, 0), (4, 4), (8, 8), (12, 12), (16, 16), (20, 20), (24, 24)]
(12, 12)*(9.973655968616896, 2.588235335059153)*[(0, 0), (4, 4), (8, 8), (12, 12), (16, 16), (20, 20), (24, 24)]
(12, 12)*(7.580224961708406, -0.49034184402938996)*[(0, 0), (4, 4), (8, 8), (12, 12), (16, 16), (20, 20), (24, 24)]
(12, 12)*(7.990204190396475, 2.3580421105716094)*[(0, 0), (4, 4), (8, 8), (12, 12), (16, 16), (20, 20), (24, 24)]
(12, 12)*(13.46922997849654, 2.1663976424952094)*[(0, 0), (4, 4), (8, 8), (12, 12), (16, 16), (20, 20), (24, 24)]
(12, 12)*(10.161426685965694, 2.6220199224580374)*[(0, 0), (4, 4), (8, 8), (12, 12), (16, 16), (20, 20), (24, 24)]
(12, 12)*(9.856240028221348, 0.598898029379896)*[(0, 0), (4, 4), (8, 8), (12, 12), (16, 16), (20, 20), (24, 24)]
(12, 12)*(6.01378539223688, 1.7033962389453958)*[(0, 0), (4, 4), (8, 8), (12, 12), (16, 16), (20, 20), (24, 24)]
(12, 12)*(8.66475359846406, -0.2551226473444921)*[(0, 0), (4, 4), (8, 8), (12, 12), (16, 16), (20, 20), (24, 24)]
(12, 12)*(8.100138330830092, 1.513469443455183)*[(0, 0), (4, 4), (8, 8), (12, 12), (16, 16), (20, 20), (24, 24)]
(12, 12)*(9.848630769663202, 1.9821162983826128)*[(0, 0), (4, 4), (8, 8), (12, 12), (16, 16), (20, 20), (24, 24)]
(12, 12)*(8.631262515442792, 3.415325268215231)*[(0, 0), (4, 4), (8, 8), (12, 12), (16, 16), (20, 20), (24, 24)]
(12, 12)*(6.279626564704589, 2.0257518259065264)*[(0, 0), (4, 4), (8, 8), (12, 12), (16, 16), (20, 20), (24, 24)]
(12, 12)*(8.589058273986325, 0.4922498131566351)*[(0, 0), (4, 4), (8, 8), (12, 12), (16, 16), (20, 20), (24, 24)]
(12, 12)*(6.278802397978757, 1.1177225968041609)*[(0, 0), (4, 4), (8, 8), (12, 12), (16, 16), (20, 20), (24, 24)]
(12, 12)*(11.761921849277467, 0.8126865265195429)*[(0, 0), (4, 4), (8, 8), (12, 12), (16, 16), (20, 20), (24, 24)]
(12, 12)*(8.889992757847846, 3.4788226542014695)*[(0, 0), (4, 4), (8, 8), (12, 12), (16, 16), (20, 20), (24, 24)]
(12, 12)*(12.932868627469691, 1.5730910516153696)*[(0, 0), (4, 4), (8, 8), (12, 12), (16, 16), (20, 20), (24, 24)]
(12, 12)*(9.031963567146086, 1.6188357526018025)*[(0, 0), (4, 4), (8, 8), (12, 12), (16, 16), (20, 20), (24, 24)]
(12, 12)*(9.901212684224404, 1.1555604784259925)*[(0, 0), (4, 4), (8, 8), (12, 12), (16, 16), (20, 20), (24, 24)]
(16, 16)*(2.133047109742865, 6.181685657038704)*[(0, 0), (4, 4), (8, 8), (12, 12), (16, 16), (20, 20), (24, 24)]
(16, 16)*(3.806799357243272, 4.130550601476865)*[(0, 0), (4, 4), (8, 8), (12, 12), (16, 16), (20, 20), (24, 24)]
(16, 16)*(2.8444828560297872, 5.8659739632227526)*[(0, 0), (4, 4), (8, 8), (12, 12), (16, 16), (20, 20), (24, 24)]
(16, 16)*(3.515610362512282, 3.243182595760937)*[(0, 0), (4, 4), (8, 8), (12, 12), (16, 16), (20, 20), (24, 24)]
(16, 16)*(2.102636852257579, 4.917132118753939)*[(0, 0), (4, 4), (8, 8), (12, 12), (16, 16), (20, 20), (24, 24)]
(16, 16)*(2.97543257798848, 6.9416924864733005)*[(0, 0), (4, 4), (8, 8), (12, 12), (16, 16), (20, 20), (24, 24)]
(16, 16)*(4.3244697281418025, 5.703307136246596)*[(0, 0), (4, 4), (8, 8), (12, 12), (16, 16), (20, 20), (24, 24)]
(16, 16)*(2.107666006094777, 4.473992713821895)*[(0, 0), (4, 4), (8, 8), (12, 12), (16, 16), (20, 20), (24, 24)]
(16, 16)*(2.24839117805817, 4.296516261585776)*[(0, 0), (4, 4), (8, 8), (12, 12), (16, 16), (20, 20), (24, 24)]
(16, 16)*(4.0357842513231414, 4.4478954426582265)*[(0, 0), (4, 4), (8, 8), (12, 12), (16, 16), (20, 20), (24, 24)]
(16, 16)*(1.6025588127255723, 4.1445789148789505)*[(0, 0), (4, 4), (8, 8), (12, 12), (16, 16), (20, 20), (24, 24)]
(16, 16)*(4.181050639699894, 6.571811490428113)*[(0, 0), (4, 4), (8, 8), (12, 12), (16, 16), (20, 20), (24, 24)]
(16, 16)*(3.7026584791942962, 6.706743399989435)*[(0, 0), (4, 4), (8, 8), (12, 12), (16, 16), (20, 20), (24, 24)]
(16, 16)*(2.85703952840276, 6.934219344653668)*[(0, 0), (4, 4), (8, 8), (12, 12), (16, 16), (20, 20), (24, 24)]
(16, 16)*(4.458217120682753, 5.691302002753108)*[(0, 0), (4, 4), (8, 8), (12, 12), (16, 16), (20, 20), (24, 24)]
(16, 16)*(3.2708341561796135, 5.029516845402777)*[(0, 0), (4, 4), (8, 8), (12, 12), (16, 16), (20, 20), (24, 24)]
(16, 16)*(1.1393447858294121, 5.600015444728416)*[(0, 0), (4, 4), (8, 8), (12, 12), (16, 16), (20, 20), (24, 24)]
(16, 16)*(2.4031817487309044, 4.542545916073564)*[(0, 0), (4, 4), (8, 8), (12, 12), (16, 16), (20, 20), (24, 24)]
(16, 16)*(4.865089318482497, 4.944763273368839)*[(0, 0), (4, 4), (8, 8), (12, 12), (16, 16), (20, 20), (24, 24)]
(16, 16)*(2.8310077826497686, 5.4619062527801)*[(0, 0), (4, 4), (8, 8), (12, 12), (16, 16), (20, 20), (24, 24)]
(16, 16)*(1.7625400554708333, 5.6596624811642755)*[(0, 0), (4, 4), (8, 8), (12, 12), (16, 16), (20, 20), (24, 24)]
(16, 16)*(2.9647474479706286, 6.983890922522118)*[(0, 0), (4, 4), (8, 8), (12, 12), (16, 16), (20, 20), (24, 24)]
(16, 16)*(3.5204561450647707, 3.6015453723975916)*[(0, 0), (4, 4), (8, 8), (12, 12), (16, 16), (20, 20), (24, 24)]
(16, 16)*(3.287676447339272, 6.840310498046346)*[(0, 0), (4, 4), (8, 8), (12, 12), (16, 16), (20, 20), (24, 24)]
(16, 16)*(1.8530457070874462, 4.073790108838156)*[(0, 0), (4, 4), (8, 8), (12, 12), (16, 16), (20, 20), (24, 24)]
(16, 16)*(3.156149518603108, 3.034397234247606)*[(0, 0), (4, 4), (8, 8), (12, 12), (16, 16), (20, 20), (24, 24)]
(16, 16)*(3.842265116174772, 6.500743096147437)*[(0, 0), (4, 4), (8, 8), (12, 12), (16, 16), (20, 20), (24, 24)]
(16, 16)*(1.5591656593228689, 4.385076294341461)*[(0, 0), (4, 4), (8, 8), (12, 12), (16, 16), (20, 20), (24, 24)]
(16, 16)*(3.4312355530983574, 3.576167436599496)*[(0, 0), (4, 4), (8, 8), (12, 12), (16, 16), (20, 20), (24, 24)]
(16, 16)*(1.7627749896272795, 4.7829174508301175)*[(0, 0), (4, 4), (8, 8), (12, 12), (16, 16), (20, 20), (24, 24)]
(16, 16)*(2.5665261192418454, 3.9917521152674436)*[(0, 0), (4, 4), (8, 8), (12, 12), (16, 16), (20, 20), (24, 24)]
(16, 16)*(3.9236878497479903, 4.450453319573684)*[(0, 0), (4, 4), (8, 8), (12, 12), (16, 16), (20, 20), (24, 24)]
(16, 16)*(2.4419717931703047, 6.123445407596417)*[(0, 0), (4, 4), (8, 8), (12, 12), (16, 16), (20, 20), (24, 24)]
(16, 16)*(4.785841572895394, 4.622641197017842)*[(0, 0), (4, 4), (8, 8), (12, 12), (16, 16), (20, 20), (24, 24)]
(16, 16)*(4.836045844153284, 5.030811877516755)*[(0, 0), (4, 4), (8, 8), (12, 12), (16, 16), (20, 20), (24, 24)]
(16, 16)*(3.0448859747886914, 3.3370086590001495)*[(0, 0), (4, 4), (8, 8), (12, 12), (16, 16), (20, 20), (24, 24)]
(16, 16)*(2.0821814046564713, 5.501286575495011)*[(0, 0), (4, 4), (8, 8), (12, 12), (16, 16), (20, 20), (24, 24)]
(16, 16)*(3.7578225449882576, 5.6988315727370615)*[(0, 0), (4, 4), (8, 8), (12, 12), (16, 16), (20, 20), (24, 24)]
(16, 16)*(2.564764956609882, 6.655038996444286)*[(0, 0), (4, 4), (8, 8), (12, 12), (16, 16), (20, 20), (24, 24)]
(16, 16)*(1.9822205105055803, 4.4991081769973)*[(0, 0), (4, 4), (8, 8), (12, 12), (16, 16), (20, 20), (24, 24)]
(16, 16)*(2.7812496663000026, 3.8274468071099372)*[(0, 0), (4, 4), (8, 8), (12, 12), (16, 16), (20, 20), (24, 24)]
(16, 16)*(4.35347033828015, 4.904436998488245)*[(0, 0), (4, 4), (8, 8), (12, 12), (16, 16), (20, 20), (24, 24)]
(16, 16)*(1.8357608290531449, 4.022326820825764)*[(0, 0), (4, 4), (8, 8), (12, 12), (16, 16), (20, 20), (24, 24)]
(16, 16)*(3.3921689074128443, 4.327157182052691)*[(0, 0), (4, 4), (8, 8), (12, 12), (16, 16), (20, 20), (24, 24)]
(16, 16)*(4.380090887646929, 4.4800415555600805)*[(0, 0), (4, 4), (8, 8), (12, 12), (16, 16), (20, 20), (24, 24)]
(16, 16)*(3.2416418839649164, 6.762851547304759)*[(0, 0), (4, 4), (8, 8), (12, 12), (16, 16), (20, 20), (24, 24)]
(16, 16)*(4.486239206989289, 4.38349145731398)*[(0, 0), (4, 4), (8, 8), (12, 12), (16, 16), (20, 20), (24, 24)]
(16, 16)*(2.0061424522226337, 3.7841930217243753)*[(0, 0), (4, 4), (8, 8), (12, 12), (16, 16), (20, 20), (24, 24)]
(16, 16)*(2.7708445977841176, 6.53711407360057)*[(0, 0), (4, 4), (8, 8), (12, 12), (16, 16), (20, 20), (24, 24)]
(16, 16)*(2.393192525310191, 5.886013214663499)*[(0, 0), (4, 4), (8, 8), (12, 12), (16, 16), (20, 20), (24, 24)]
(16, 16)*(4.129710669322323, 4.678025752094261)*[(0, 0), (4, 4), (8, 8), (12, 12), (16, 16), (20, 20), (24, 24)]
(16, 16)*(4.807308171341547, 5.473109277934245)*[(0, 0), (4, 4), (8, 8), (12, 12), (16, 16), (20, 20), (24, 24)]
(16, 16)*(3.6996773407834382, 5.7138814830910505)*[(0, 0), (4, 4), (8, 8), (12, 12), (16, 16), (20, 20), (24, 24)]
(16, 16)*(4.063182882700792, 4.792056130806346)*[(0, 0), (4, 4), (8, 8), (12, 12), (16, 16), (20, 20), (24, 24)]
(16, 16)*(4.248591310407569, 6.049958714158455)*[(0, 0), (4, 4), (8, 8), (12, 12), (16, 16), (20, 20), (24, 24)]
(16, 16)*(2.0676444331687636, 5.638486406695062)*[(0, 0), (4, 4), (8, 8), (12, 12), (16, 16), (20, 20), (24, 24)]
(16, 16)*(2.0263282692679714, 4.624868321806467)*[(0, 0), (4, 4), (8, 8), (12, 12), (16, 16), (20, 20), (24, 24)]
(16, 16)*(4.3258467704579955, 6.372507667220359)*[(0, 0), (4, 4), (8, 8), (12, 12), (16, 16), (20, 20), (24, 24)]
(16, 16)*(4.632747854020261, 4.604831242804892)*[(0, 0), (4, 4), (8, 8), (12, 12), (16, 16), (20, 20), (24, 24)]
(16, 16)*(2.980028434018488, 3.466269887638898)*[(0, 0), (4, 4), (8, 8), (12, 12), (16, 16), (20, 20), (24, 24)]
(16, 16)*(2.9245778635897954, 4.458435253481026)*[(0, 0), (4, 4), (8, 8), (12, 12), (16, 16), (20, 20), (24, 24)]
(16, 16)*(3.682429033183057, 4.983421248881639)*[(0, 0), (4, 4), (8, 8), (12, 12), (16, 16), (20, 20), (24, 24)]
(16, 16)*(2.5812833331304175, 6.315765298404543)*[(0, 0), (4, 4), (8, 8), (12, 12), (16, 16), (20, 20), (24, 24)]
(16, 16)*(3.7759239639973594, 6.79497797371582)*[(0, 0), (4, 4), (8, 8), (12, 12), (16, 16), (20, 20), (24, 24)]
(16, 16)*(4.43721849132884, 5.099903164583697)*[(0, 0), (4, 4), (8, 8), (12, 12), (16, 16), (20, 20), (24, 24)]
(16, 16)*(2.2116858400431507, 6.424748664373157)*[(0, 0), (4, 4), (8, 8), (12, 12), (16, 16), (20, 20), (24, 24)]
(16, 16)*(2.3652959131995743, 4.967875015016969)*[(0, 0), (4, 4), (8, 8), (12, 12), (16, 16), (20, 20), (24, 24)]
(16, 16)*(4.683864260923983, 5.926556406453538)*[(0, 0), (4, 4), (8, 8), (12, 12), (16, 16), (20, 20), (24, 24)]
(16, 16)*(2.1162196700973444, 6.2508661844020335)*[(0, 0), (4, 4), (8, 8), (12, 12), (16, 16), (20, 20), (24, 24)]
(16, 16)*(1.9858006338365213, 3.7645471580454566)*[(0, 0), (4, 4), (8, 8), (12, 12), (16, 16), (20, 20), (24, 24)]
(16, 16)*(3.5958664390015262, 4.221186270362157)*[(0, 0), (4, 4), (8, 8), (12, 12), (16, 16), (20, 20), (24, 24)]
(16, 16)*(2.5392498586046823, 3.8843734749928145)*[(0, 0), (4, 4), (8, 8), (12, 12), (16, 16), (20, 20), (24, 24)]
(16, 16)*(2.183674447771791, 6.307362231490365)*[(0, 0), (4, 4), (8, 8), (12, 12), (16, 16), (20, 20), (24, 24)]
(16, 16)*(2.763715421499097, 6.240651488333395)*[(0, 0), (4, 4), (8, 8), (12, 12), (16, 16), (20, 20), (24, 24)]
(16, 16)*(2.6710928135596244, 3.277068336081089)*[(0, 0), (4, 4), (8, 8), (12, 12), (16, 16), (20, 20), (24, 24)]
(16, 16)*(3.8078345037668933, 5.045156357779851)*[(0, 0), (4, 4), (8, 8), (12, 12), (16, 16), (20, 20), (24, 24)]
(16, 16)*(4.335271907324207, 4.580353084584912)*[(0, 0), (4, 4), (8, 8), (12, 12), (16, 16), (20, 20), (24, 24)]
(16, 16)*(3.470373064543722, 4.441816962367021)*[(0, 0), (4, 4), (8, 8), (12, 12), (16, 16), (20, 20), (24, 24)]
(16, 16)*(4.5773990552224575, 4.245642124126665)*[(0, 0), (4, 4), (8, 8), (12, 12), (16, 16), (20, 20), (24, 24)]
(16, 16)*(3.576684231491775, 4.886603195189305)*[(0, 0), (4, 4), (8, 8), (12, 12), (16, 16), (20, 20), (24, 24)]
(16, 16)*(2.5202779010326934, 6.347436499357767)*[(0, 0), (4, 4), (8, 8), (12, 12), (16, 16), (20, 20), (24, 24)]
(16, 16)*(4.8895923765921525, 5.570364327948548)*[(0, 0), (4, 4), (8, 8), (12, 12), (16, 16), (20, 20), (24, 24)]
(16, 16)*(1.992727772888026, 6.563416507940197)*[(0, 0), (4, 4), (8, 8), (12, 12), (16, 16), (20, 20), (24, 24)]
(16, 16)*(1.9647570830036054, 6.292523365192009)*[(0, 0), (4, 4), (8, 8), (12, 12), (16, 16), (20, 20), (24, 24)]
(16, 16)*(2.385423488779826, 3.670237761751111)*[(0, 0), (4, 4), (8, 8), (12, 12), (16, 16), (20, 20), (24, 24)]
(16, 16)*(1.3874025289051812, 5.96402580654132)*[(0, 0), (4, 4), (8, 8), (12, 12), (16, 16), (20, 20), (24, 24)]
(16, 16)*(1.0205088687919042, 4.8154665640080045)*[(0, 0), (4, 4), (8, 8), (12, 12), (16, 16), (20, 20), (24, 24)]
(16, 16)*(2.0223226241975762, 4.683433516736359)*[(0, 0), (4, 4), (8, 8), (12, 12), (16, 16), (20, 20), (24, 24)]
(16, 16)*(3.418161036530165, 6.470395707208043)*[(0, 0), (4, 4), (8, 8), (12, 12), (16, 16), (20, 20), (24, 24)]
(16, 16)*(4.935516577865091, 4.630675994636523)*[(0, 0), (4, 4), (8, 8), (12, 12), (16, 16), (20, 20), (24, 24)]
(16, 16)*(3.699509149321319, 4.410881074314322)*[(0, 0), (4, 4), (8, 8), (12, 12), (16, 16), (20, 20), (24, 24)]
(16, 16)*(3.139972792392807, 4.6721211544345165)*[(0, 0), (4, 4), (8, 8), (12, 12), (16, 16), (20, 20), (24, 24)]
(16, 16)*(3.2139192552227973, 4.854803852370614)*[(0, 0), (4, 4), (8, 8), (12, 12), (16, 16), (20, 20), (24, 24)]
(16, 16)*(4.180888696644819, 6.166551942391315)*[(0, 0), (4, 4), (8, 8), (12, 12), (16, 16), (20, 20), (24, 24)]
(16, 16)*(3.4795173599095586, 6.066361501506233)*[(0, 0), (4, 4), (8, 8), (12, 12), (16, 16), (20, 20), (24, 24)]
(16, 16)*(1.746446868066963, 4.942089793099231)*[(0, 0), (4, 4), (8, 8), (12, 12), (16, 16), (20, 20), (24, 24)]
(16, 16)*(3.6292339387501076, 6.870913605928141)*[(0, 0), (4, 4), (8, 8), (12, 12), (16, 16), (20, 20), (24, 24)]
(16, 16)*(4.5777626787195, 5.076841863094997)*[(0, 0), (4, 4), (8, 8), (12, 12), (16, 16), (20, 20), (24, 24)]
(16, 16)*(4.349329712350954, 6.3155084703865825)*[(0, 0), (4, 4), (8, 8), (12, 12), (16, 16), (20, 20), (24, 24)]
(16, 16)*(2.9313628624753685, 5.210829931837306)*[(0, 0), (4, 4), (8, 8), (12, 12), (16, 16), (20, 20), (24, 24)]
(20, 20)*(0.7625975021573572, 20.663824186757573)*[(0, 0), (4, 4), (8, 8), (12, 12), (16, 16), (20, 20), (24, 24)]
(20, 20)*(7.460912700682561, 23.86455027980899)*[(0, 0), (4, 4), (8, 8), (12, 12), (16, 16), (20, 20), (24, 24)]
(20, 20)*(6.871318778701724, 18.2312922188874)*[(0, 0), (4, 4), (8, 8), (12, 12), (16, 16), (20, 20), (24, 24)]
(20, 20)*(4.603757722618299, 16.46999443665646)*[(0, 0), (4, 4), (8, 8), (12, 12), (16, 16), (20, 20), (24, 24)]
(20, 20)*(8.186224913073337, 21.987977315905926)*[(0, 0), (4, 4), (8, 8), (12, 12), (16, 16), (20, 20), (24, 24)]
(20, 20)*(3.008603202694229, 22.621837571469165)*[(0, 0), (4, 4), (8, 8), (12, 12), (16, 16), (20, 20), (24, 24)]
(20, 20)*(3.0678877904531254, 22.731510227748153)*[(0, 0), (4, 4), (8, 8), (12, 12), (16, 16), (20, 20), (24, 24)]
(20, 20)*(3.9395518044120004, 20.695864607793276)*[(0, 0), (4, 4), (8, 8), (12, 12), (16, 16), (20, 20), (24, 24)]
(20, 20)*(1.2569359630352361, 22.249695788019416)*[(0, 0), (4, 4), (8, 8), (12, 12), (16, 16), (20, 20), (24, 24)]
(20, 20)*(7.987030199536235, 19.605181343564706)*[(0, 0), (4, 4), (8, 8), (12, 12), (16, 16), (20, 20), (24, 24)]
(20, 20)*(9.848227195197284, 20.862601021951818)*[(0, 0), (4, 4), (8, 8), (12, 12), (16, 16), (20, 20), (24, 24)]
(20, 20)*(7.19645658292976, 20.596662152050087)*[(0, 0), (4, 4), (8, 8), (12, 12), (16, 16), (20, 20), (24, 24)]
(20, 20)*(6.498610506334387, 22.602566326805146)*[(0, 0), (4, 4), (8, 8), (12, 12), (16, 16), (20, 20), (24, 24)]
(20, 20)*(3.968986303192472, 15.298340375570714)*[(0, 0), (4, 4), (8, 8), (12, 12), (16, 16), (20, 20), (24, 24)]
(20, 20)*(1.117569487503287, 16.86233039111001)*[(0, 0), (4, 4), (8, 8), (12, 12), (16, 16), (20, 20), (24, 24)]
(20, 20)*(0.4619326822921499, 19.86048009612892)*[(0, 0), (4, 4), (8, 8), (12, 12), (16, 16), (20, 20), (24, 24)]
(20, 20)*(3.65919455850799, 21.842015827060393)*[(0, 0), (4, 4), (8, 8), (12, 12), (16, 16), (20, 20), (24, 24)]
(20, 20)*(0.8621634791582422, 21.53398590693521)*[(0, 0), (4, 4), (8, 8), (12, 12), (16, 16), (20, 20), (24, 24)]
(20, 20)*(2.5602264273745376, 19.110776932528843)*[(0, 0), (4, 4), (8, 8), (12, 12), (16, 16), (20, 20), (24, 24)]
(20, 20)*(4.193249804929332, 15.207138791274028)*[(0, 0), (4, 4), (8, 8), (12, 12), (16, 16), (20, 20), (24, 24)]
(20, 20)*(8.99209929267832, 21.82246473012266)*[(0, 0), (4, 4), (8, 8), (12, 12), (16, 16), (20, 20), (24, 24)]
(20, 20)*(6.576040636633906, 24.049643268496958)*[(0, 0), (4, 4), (8, 8), (12, 12), (16, 16), (20, 20), (24, 24)]
(20, 20)*(7.287009122721896, 18.40424880842634)*[(0, 0), (4, 4), (8, 8), (12, 12), (16, 16), (20, 20), (24, 24)]
(20, 20)*(3.915152153606204, 22.187771226043644)*[(0, 0), (4, 4), (8, 8), (12, 12), (16, 16), (20, 20), (24, 24)]
(20, 20)*(5.709499273668489, 20.448365513224132)*[(0, 0), (4, 4), (8, 8), (12, 12), (16, 16), (20, 20), (24, 24)]
(20, 20)*(9.20660057627374, 17.356807380693432)*[(0, 0), (4, 4), (8, 8), (12, 12), (16, 16), (20, 20), (24, 24)]
(20, 20)*(1.4250706369869615, 20.616118036314884)*[(0, 0), (4, 4), (8, 8), (12, 12), (16, 16), (20, 20), (24, 24)]
(20, 20)*(2.6286021640440618, 22.441862010733903)*[(0, 0), (4, 4), (8, 8), (12, 12), (16, 16), (20, 20), (24, 24)]
(20, 20)*(3.5040292714249066, 17.70333262446066)*[(0, 0), (4, 4), (8, 8), (12, 12), (16, 16), (20, 20), (24, 24)]
(20, 20)*(9.933358373329646, 20.418582073900147)*[(0, 0), (4, 4), (8, 8), (12, 12), (16, 16), (20, 20), (24, 24)]
(20, 20)*(4.972389398138915, 22.10142384568013)*[(0, 0), (4, 4), (8, 8), (12, 12), (16, 16), (20, 20), (24, 24)]
(20, 20)*(7.4297943631363115, 20.201933475620397)*[(0, 0), (4, 4), (8, 8), (12, 12), (16, 16), (20, 20), (24, 24)]
(20, 20)*(0.968546321928444, 21.450703312548818)*[(0, 0), (4, 4), (8, 8), (12, 12), (16, 16), (20, 20), (24, 24)]
(20, 20)*(2.708669672601627, 20.55875313452755)*[(0, 0), (4, 4), (8, 8), (12, 12), (16, 16), (20, 20), (24, 24)]
(20, 20)*(8.353968042598304, 16.623733937295366)*[(0, 0), (4, 4), (8, 8), (12, 12), (16, 16), (20, 20), (24, 24)]
(20, 20)*(2.5685699966696895, 18.453814583658133)*[(0, 0), (4, 4), (8, 8), (12, 12), (16, 16), (20, 20), (24, 24)]
(20, 20)*(4.853432192849666, 18.902695981678125)*[(0, 0), (4, 4), (8, 8), (12, 12), (16, 16), (20, 20), (24, 24)]
(20, 20)*(2.485007920262754, 15.922460405165534)*[(0, 0), (4, 4), (8, 8), (12, 12), (16, 16), (20, 20), (24, 24)]
(20, 20)*(0.6863681343676631, 22.158809822658647)*[(0, 0), (4, 4), (8, 8), (12, 12), (16, 16), (20, 20), (24, 24)]
(20, 20)*(8.841750940184923, 22.18064120919045)*[(0, 0), (4, 4), (8, 8), (12, 12), (16, 16), (20, 20), (24, 24)]
(20, 20)*(9.990054554011595, 20.042030927046323)*[(0, 0), (4, 4), (8, 8), (12, 12), (16, 16), (20, 20), (24, 24)]
(20, 20)*(4.34576655833109, 15.879409758590677)*[(0, 0), (4, 4), (8, 8), (12, 12), (16, 16), (20, 20), (24, 24)]
(20, 20)*(3.2293131086479043, 21.284827068227564)*[(0, 0), (4, 4), (8, 8), (12, 12), (16, 16), (20, 20), (24, 24)]
(20, 20)*(4.090730524078805, 16.254840341970052)*[(0, 0), (4, 4), (8, 8), (12, 12), (16, 16), (20, 20), (24, 24)]
(20, 20)*(1.179301450952629, 21.807239290463052)*[(0, 0), (4, 4), (8, 8), (12, 12), (16, 16), (20, 20), (24, 24)]
(20, 20)*(8.25531207634413, 20.709964980396396)*[(0, 0), (4, 4), (8, 8), (12, 12), (16, 16), (20, 20), (24, 24)]
(20, 20)*(1.509922471127123, 18.923946444527303)*[(0, 0), (4, 4), (8, 8), (12, 12), (16, 16), (20, 20), (24, 24)]
(20, 20)*(9.079506778062624, 17.473874209001213)*[(0, 0), (4, 4), (8, 8), (12, 12), (16, 16), (20, 20), (24, 24)]
(20, 20)*(2.592827534784996, 20.53847378936987)*[(0, 0), (4, 4), (8, 8), (12, 12), (16, 16), (20, 20), (24, 24)]
(20, 20)*(8.422898314332274, 22.869069635573375)*[(0, 0), (4, 4), (8, 8), (12, 12), (16, 16), (20, 20), (24, 24)]
(20, 20)*(6.534725387292016, 18.808016280746546)*[(0, 0), (4, 4), (8, 8), (12, 12), (16, 16), (20, 20), (24, 24)]
(20, 20)*(4.156313020172959, 20.434071970068562)*[(0, 0), (4, 4), (8, 8), (12, 12), (16, 16), (20, 20), (24, 24)]
(20, 20)*(2.7871375895154205, 17.306248262634583)*[(0, 0), (4, 4), (8, 8), (12, 12), (16, 16), (20, 20), (24, 24)]
(20, 20)*(7.596165006328315, 23.485549873386454)*[(0, 0), (4, 4), (8, 8), (12, 12), (16, 16), (20, 20), (24, 24)]
(20, 20)*(8.547242672212182, 22.403751323011097)*[(0, 0), (4, 4), (8, 8), (12, 12), (16, 16), (20, 20), (24, 24)]
(20, 20)*(5.956826249695551, 18.342766037317595)*[(0, 0), (4, 4), (8, 8), (12, 12), (16, 16), (20, 20), (24, 24)]
(20, 20)*(5.31931420227914, 23.71935232597214)*[(0, 0), (4, 4), (8, 8), (12, 12), (16, 16), (20, 20), (24, 24)]
(20, 20)*(6.501615681093088, 15.512547854114688)*[(0, 0), (4, 4), (8, 8), (12, 12), (16, 16), (20, 20), (24, 24)]
(20, 20)*(4.62069894725177, 16.94517093505879)*[(0, 0), (4, 4), (8, 8), (12, 12), (16, 16), (20, 20), (24, 24)]
(20, 20)*(1.6335721415452165, 16.305357195837157)*[(0, 0), (4, 4), (8, 8), (12, 12), (16, 16), (20, 20), (24, 24)]
(20, 20)*(7.705982241003745, 22.460399885788707)*[(0, 0), (4, 4), (8, 8), (12, 12), (16, 16), (20, 20), (24, 24)]
(20, 20)*(2.833942483099273, 21.608576517259277)*[(0, 0), (4, 4), (8, 8), (12, 12), (16, 16), (20, 20), (24, 24)]
(20, 20)*(2.52368498119277, 23.494431577264425)*[(0, 0), (4, 4), (8, 8), (12, 12), (16, 16), (20, 20), (24, 24)]
(20, 20)*(9.200972053110295, 18.51483345795053)*[(0, 0), (4, 4), (8, 8), (12, 12), (16, 16), (20, 20), (24, 24)]
(20, 20)*(4.819715898945911, 24.972153997800227)*[(0, 0), (4, 4), (8, 8), (12, 12), (16, 16), (20, 20), (24, 24)]
(20, 20)*(0.8572925485696825, 17.291543049388718)*[(0, 0), (4, 4), (8, 8), (12, 12), (16, 16), (20, 20), (24, 24)]
(20, 20)*(9.84568071734696, 20.656699012999624)*[(0, 0), (4, 4), (8, 8), (12, 12), (16, 16), (20, 20), (24, 24)]
(20, 20)*(6.97868254189567, 15.951907570825323)*[(0, 0), (4, 4), (8, 8), (12, 12), (16, 16), (20, 20), (24, 24)]
(20, 20)*(1.5481880869966202, 19.072033704634638)*[(0, 0), (4, 4), (8, 8), (12, 12), (16, 16), (20, 20), (24, 24)]
(20, 20)*(6.192107351565948, 16.442298820046062)*[(0, 0), (4, 4), (8, 8), (12, 12), (16, 16), (20, 20), (24, 24)]
(20, 20)*(1.1498079392514948, 20.59583376128803)*[(0, 0), (4, 4), (8, 8), (12, 12), (16, 16), (20, 20), (24, 24)]
(20, 20)*(1.644821289028573, 16.529308767957737)*[(0, 0), (4, 4), (8, 8), (12, 12), (16, 16), (20, 20), (24, 24)]
(20, 20)*(9.14121005459722, 18.41352238457513)*[(0, 0), (4, 4), (8, 8), (12, 12), (16, 16), (20, 20), (24, 24)]
(20, 20)*(8.667532650576987, 21.504892410785985)*[(0, 0), (4, 4), (8, 8), (12, 12), (16, 16), (20, 20), (24, 24)]
(20, 20)*(4.955159501780675, 24.884029165992054)*[(0, 0), (4, 4), (8, 8), (12, 12), (16, 16), (20, 20), (24, 24)]
(20, 20)*(3.724595841211541, 20.24644527000507)*[(0, 0), (4, 4), (8, 8), (12, 12), (16, 16), (20, 20), (24, 24)]
(20, 20)*(1.5572617768223307, 21.06844792401917)*[(0, 0), (4, 4), (8, 8), (12, 12), (16, 16), (20, 20), (24, 24)]
(20, 20)*(5.866604021310203, 17.24075722546698)*[(0, 0), (4, 4), (8, 8), (12, 12), (16, 16), (20, 20), (24, 24)]
(20, 20)*(7.418445486551512, 16.371742110882824)*[(0, 0), (4, 4), (8, 8), (12, 12), (16, 16), (20, 20), (24, 24)]
(20, 20)*(5.396976559420588, 18.502883988448215)*[(0, 0), (4, 4), (8, 8), (12, 12), (16, 16), (20, 20), (24, 24)]
(20, 20)*(9.599451632227305, 18.52191200635454)*[(0, 0), (4, 4), (8, 8), (12, 12), (16, 16), (20, 20), (24, 24)]
(20, 20)*(5.450801366818655, 20.906474927840605)*[(0, 0), (4, 4), (8, 8), (12, 12), (16, 16), (20, 20), (24, 24)]
(20, 20)*(7.704000207389502, 23.778506069269262)*[(0, 0), (4, 4), (8, 8), (12, 12), (16, 16), (20, 20), (24, 24)]
(20, 20)*(0.7959690919360041, 18.735147802655405)*[(0, 0), (4, 4), (8, 8), (12, 12), (16, 16), (20, 20), (24, 24)]
(20, 20)*(9.903739008487072, 20.540767506074264)*[(0, 0), (4, 4), (8, 8), (12, 12), (16, 16), (20, 20), (24, 24)]
(20, 20)*(5.013297822269044, 20.034068908050642)*[(0, 0), (4, 4), (8, 8), (12, 12), (16, 16), (20, 20), (24, 24)]
(20, 20)*(7.903498085921132, 23.934777087129685)*[(0, 0), (4, 4), (8, 8), (12, 12), (16, 16), (20, 20), (24, 24)]
(20, 20)*(9.538376811732618, 17.906288044669253)*[(0, 0), (4, 4), (8, 8), (12, 12), (16, 16), (20, 20), (24, 24)]
(20, 20)*(2.2559059229843403, 21.458028722507652)*[(0, 0), (4, 4), (8, 8), (12, 12), (16, 16), (20, 20), (24, 24)]
(20, 20)*(6.157545996924744, 16.511366491303903)*[(0, 0), (4, 4), (8, 8), (12, 12), (16, 16), (20, 20), (24, 24)]
(20, 20)*(6.641670056020987, 24.30249595091832)*[(0, 0), (4, 4), (8, 8), (12, 12), (16, 16), (20, 20), (24, 24)]
(20, 20)*(7.440778870297665, 18.6888103675701)*[(0, 0), (4, 4), (8, 8), (12, 12), (16, 16), (20, 20), (24, 24)]
(20, 20)*(2.4699273213702346, 19.696518291205727)*[(0, 0), (4, 4), (8, 8), (12, 12), (16, 16), (20, 20), (24, 24)]
(20, 20)*(1.5407116550352007, 17.27562830107717)*[(0, 0), (4, 4), (8, 8), (12, 12), (16, 16), (20, 20), (24, 24)]
(20, 20)*(8.571189831435458, 21.320775890684875)*[(0, 0), (4, 4), (8, 8), (12, 12), (16, 16), (20, 20), (24, 24)]
(20, 20)*(0.010295786955378805, 20.086479530491015)*[(0, 0), (4, 4), (8, 8), (12, 12), (16, 16), (20, 20), (24, 24)]
(20, 20)*(8.886912833816233, 22.675278214306523)*[(0, 0), (4, 4), (8, 8), (12, 12), (16, 16), (20, 20), (24, 24)]
(20, 20)*(1.2562534118645752, 20.86609180486533)*[(0, 0), (4, 4), (8, 8), (12, 12), (16, 16), (20, 20), (24, 24)]
(20, 20)*(1.5867566869344618, 19.562405631579757)*[(0, 0), (4, 4), (8, 8), (12, 12), (16, 16), (20, 20), (24, 24)]
(20, 20)*(0.08758925767195391, 19.385970616782252)*[(0, 0), (4, 4), (8, 8), (12, 12), (16, 16), (20, 20), (24, 24)]
(24, 24)*(14.242619697851843, 21.256119747048274)*[(0, 0), (4, 4), (8, 8), (12, 12), (16, 16), (20, 20), (24, 24)]
(24, 24)*(12.589698196833153, 21.40608743339032)*[(0, 0), (4, 4), (8, 8), (12, 12), (16, 16), (20, 20), (24, 24)]
(24, 24)*(15.581779701790117, 17.946182879919327)*[(0, 0), (4, 4), (8, 8), (12, 12), (16, 16), (20, 20), (24, 24)]
(24, 24)*(14.88975508003023, 19.42550676217737)*[(0, 0), (4, 4), (8, 8), (12, 12), (16, 16), (20, 20), (24, 24)]
(24, 24)*(17.225821403773043, 21.259887792065776)*[(0, 0), (4, 4), (8, 8), (12, 12), (16, 16), (20, 20), (24, 24)]
(24, 24)*(15.827558760723917, 22.481866796238346)*[(0, 0), (4, 4), (8, 8), (12, 12), (16, 16), (20, 20), (24, 24)]
(24, 24)*(12.038192076034244, 19.88439594850317)*[(0, 0), (4, 4), (8, 8), (12, 12), (16, 16), (20, 20), (24, 24)]
(24, 24)*(14.73100225327833, 18.193651932397582)*[(0, 0), (4, 4), (8, 8), (12, 12), (16, 16), (20, 20), (24, 24)]
(24, 24)*(16.781676616470158, 19.258213415254957)*[(0, 0), (4, 4), (8, 8), (12, 12), (16, 16), (20, 20), (24, 24)]
(24, 24)*(16.752067351955723, 18.664346498373668)*[(0, 0), (4, 4), (8, 8), (12, 12), (16, 16), (20, 20), (24, 24)]
(24, 24)*(15.592576482697957, 17.229580533881453)*[(0, 0), (4, 4), (8, 8), (12, 12), (16, 16), (20, 20), (24, 24)]
(24, 24)*(13.229473475479836, 18.543194778741984)*[(0, 0), (4, 4), (8, 8), (12, 12), (16, 16), (20, 20), (24, 24)]
(24, 24)*(15.790839689346203, 18.783271831562352)*[(0, 0), (4, 4), (8, 8), (12, 12), (16, 16), (20, 20), (24, 24)]
(24, 24)*(14.394283880370477, 18.76236423563247)*[(0, 0), (4, 4), (8, 8), (12, 12), (16, 16), (20, 20), (24, 24)]
(24, 24)*(15.993308623384788, 18.949020554671673)*[(0, 0), (4, 4), (8, 8), (12, 12), (16, 16), (20, 20), (24, 24)]
(24, 24)*(12.654174533482129, 19.394041989909752)*[(0, 0), (4, 4), (8, 8), (12, 12), (16, 16), (20, 20), (24, 24)]
(24, 24)*(15.958062044591038, 21.358336798778847)*[(0, 0), (4, 4), (8, 8), (12, 12), (16, 16), (20, 20), (24, 24)]
(24, 24)*(17.28180220673172, 18.919172352848552)*[(0, 0), (4, 4), (8, 8), (12, 12), (16, 16), (20, 20), (24, 24)]
(24, 24)*(14.81928788847545, 18.207335328824293)*[(0, 0), (4, 4), (8, 8), (12, 12), (16, 16), (20, 20), (24, 24)]
(24, 24)*(17.783229811344953, 18.947427251011018)*[(0, 0), (4, 4), (8, 8), (12, 12), (16, 16), (20, 20), (24, 24)]
(24, 24)*(15.106158984038188, 19.349564515552515)*[(0, 0), (4, 4), (8, 8), (12, 12), (16, 16), (20, 20), (24, 24)]
(24, 24)*(16.095224267122404, 18.610567266989726)*[(0, 0), (4, 4), (8, 8), (12, 12), (16, 16), (20, 20), (24, 24)]
(24, 24)*(15.824577862179256, 20.508169214474666)*[(0, 0), (4, 4), (8, 8), (12, 12), (16, 16), (20, 20), (24, 24)]
(24, 24)*(16.22459815654004, 22.513063095042092)*[(0, 0), (4, 4), (8, 8), (12, 12), (16, 16), (20, 20), (24, 24)]
(24, 24)*(12.36471488083185, 20.642021701419285)*[(0, 0), (4, 4), (8, 8), (12, 12), (16, 16), (20, 20), (24, 24)]
(24, 24)*(14.944302582427108, 20.463156468124033)*[(0, 0), (4, 4), (8, 8), (12, 12), (16, 16), (20, 20), (24, 24)]
(24, 24)*(14.301236728878948, 22.72546611589065)*[(0, 0), (4, 4), (8, 8), (12, 12), (16, 16), (20, 20), (24, 24)]
(24, 24)*(17.97094730585974, 19.981464204920506)*[(0, 0), (4, 4), (8, 8), (12, 12), (16, 16), (20, 20), (24, 24)]
(24, 24)*(12.788541080889864, 19.318209829294744)*[(0, 0), (4, 4), (8, 8), (12, 12), (16, 16), (20, 20), (24, 24)]
(24, 24)*(15.084439439388124, 19.93955057010833)*[(0, 0), (4, 4), (8, 8), (12, 12), (16, 16), (20, 20), (24, 24)]
(24, 24)*(14.264153366325381, 19.017196714061377)*[(0, 0), (4, 4), (8, 8), (12, 12), (16, 16), (20, 20), (24, 24)]
(24, 24)*(16.341641396338602, 21.296856704990063)*[(0, 0), (4, 4), (8, 8), (12, 12), (16, 16), (20, 20), (24, 24)]
(24, 24)*(15.055258372234967, 20.989407331449808)*[(0, 0), (4, 4), (8, 8), (12, 12), (16, 16), (20, 20), (24, 24)]
(24, 24)*(15.792322053225792, 18.21414375309797)*[(0, 0), (4, 4), (8, 8), (12, 12), (16, 16), (20, 20), (24, 24)]
(24, 24)*(15.114746497542358, 22.69938816131346)*[(0, 0), (4, 4), (8, 8), (12, 12), (16, 16), (20, 20), (24, 24)]
(24, 24)*(15.244375816822696, 19.604362694364553)*[(0, 0), (4, 4), (8, 8), (12, 12), (16, 16), (20, 20), (24, 24)]
(24, 24)*(15.711690130507549, 18.529077531224473)*[(0, 0), (4, 4), (8, 8), (12, 12), (16, 16), (20, 20), (24, 24)]
(24, 24)*(17.514318374303677, 20.455846861742536)*[(0, 0), (4, 4), (8, 8), (12, 12), (16, 16), (20, 20), (24, 24)]
(24, 24)*(15.576976424989343, 19.345102258995226)*[(0, 0), (4, 4), (8, 8), (12, 12), (16, 16), (20, 20), (24, 24)]
(24, 24)*(17.442133959789487, 19.910231157560055)*[(0, 0), (4, 4), (8, 8), (12, 12), (16, 16), (20, 20), (24, 24)]
(24, 24)*(13.753963390564858, 19.800270680246797)*[(0, 0), (4, 4), (8, 8), (12, 12), (16, 16), (20, 20), (24, 24)]
(24, 24)*(17.63416903381458, 20.54645191473404)*[(0, 0), (4, 4), (8, 8), (12, 12), (16, 16), (20, 20), (24, 24)]
(24, 24)*(14.5137727019746, 21.578707348915135)*[(0, 0), (4, 4), (8, 8), (12, 12), (16, 16), (20, 20), (24, 24)]
(24, 24)*(17.62603221023543, 19.179420511439435)*[(0, 0), (4, 4), (8, 8), (12, 12), (16, 16), (20, 20), (24, 24)]
(24, 24)*(13.677801103234376, 19.5911180623965)*[(0, 0), (4, 4), (8, 8), (12, 12), (16, 16), (20, 20), (24, 24)]
(24, 24)*(16.746515793583583, 18.961680094188143)*[(0, 0), (4, 4), (8, 8), (12, 12), (16, 16), (20, 20), (24, 24)]
(24, 24)*(17.509598633679694, 20.187836856405905)*[(0, 0), (4, 4), (8, 8), (12, 12), (16, 16), (20, 20), (24, 24)]
(24, 24)*(15.540507844910953, 19.31483983786723)*[(0, 0), (4, 4), (8, 8), (12, 12), (16, 16), (20, 20), (24, 24)]
(24, 24)*(12.719717587547771, 19.281757134764078)*[(0, 0), (4, 4), (8, 8), (12, 12), (16, 16), (20, 20), (24, 24)]
(24, 24)*(15.80078183301425, 18.17187247219188)*[(0, 0), (4, 4), (8, 8), (12, 12), (16, 16), (20, 20), (24, 24)]
(24, 24)*(17.919409455595915, 19.525981646610116)*[(0, 0), (4, 4), (8, 8), (12, 12), (16, 16), (20, 20), (24, 24)]
(24, 24)*(13.981978315540275, 18.948713543732083)*[(0, 0), (4, 4), (8, 8), (12, 12), (16, 16), (20, 20), (24, 24)]
(24, 24)*(13.887107138430707, 18.536665898190265)*[(0, 0), (4, 4), (8, 8), (12, 12), (16, 16), (20, 20), (24, 24)]
(24, 24)*(14.224043430790166, 18.16734250594147)*[(0, 0), (4, 4), (8, 8), (12, 12), (16, 16), (20, 20), (24, 24)]
(24, 24)*(15.112027401869565, 21.960910077813136)*[(0, 0), (4, 4), (8, 8), (12, 12), (16, 16), (20, 20), (24, 24)]
(24, 24)*(12.448009148189449, 21.23102087538186)*[(0, 0), (4, 4), (8, 8), (12, 12), (16, 16), (20, 20), (24, 24)]
(24, 24)*(16.522735407473576, 17.68651038471011)*[(0, 0), (4, 4), (8, 8), (12, 12), (16, 16), (20, 20), (24, 24)]
(24, 24)*(16.067697212943678, 20.30309565433141)*[(0, 0), (4, 4), (8, 8), (12, 12), (16, 16), (20, 20), (24, 24)]
(24, 24)*(16.797137376838723, 21.075633265723148)*[(0, 0), (4, 4), (8, 8), (12, 12), (16, 16), (20, 20), (24, 24)]
(24, 24)*(13.260444990422089, 21.578293092956574)*[(0, 0), (4, 4), (8, 8), (12, 12), (16, 16), (20, 20), (24, 24)]
(24, 24)*(12.0699836063389, 20.031554891761367)*[(0, 0), (4, 4), (8, 8), (12, 12), (16, 16), (20, 20), (24, 24)]
(24, 24)*(17.497293502853488, 20.62878336166078)*[(0, 0), (4, 4), (8, 8), (12, 12), (16, 16), (20, 20), (24, 24)]
(24, 24)*(12.44768654728654, 20.413596875478888)*[(0, 0), (4, 4), (8, 8), (12, 12), (16, 16), (20, 20), (24, 24)]
(24, 24)*(12.27344463381533, 18.769841291681892)*[(0, 0), (4, 4), (8, 8), (12, 12), (16, 16), (20, 20), (24, 24)]
(24, 24)*(16.539988925767403, 17.456031637430257)*[(0, 0), (4, 4), (8, 8), (12, 12), (16, 16), (20, 20), (24, 24)]
(24, 24)*(14.302141636962567, 21.0991316155655)*[(0, 0), (4, 4), (8, 8), (12, 12), (16, 16), (20, 20), (24, 24)]
(24, 24)*(16.29192818424193, 17.427330217724617)*[(0, 0), (4, 4), (8, 8), (12, 12), (16, 16), (20, 20), (24, 24)]
(24, 24)*(13.704916156916303, 18.18292714359376)*[(0, 0), (4, 4), (8, 8), (12, 12), (16, 16), (20, 20), (24, 24)]
(24, 24)*(15.95225668869584, 22.284810400911233)*[(0, 0), (4, 4), (8, 8), (12, 12), (16, 16), (20, 20), (24, 24)]
(24, 24)*(14.248718085243347, 19.739950683300968)*[(0, 0), (4, 4), (8, 8), (12, 12), (16, 16), (20, 20), (24, 24)]
(24, 24)*(17.923097415089032, 19.45659525873412)*[(0, 0), (4, 4), (8, 8), (12, 12), (16, 16), (20, 20), (24, 24)]
(24, 24)*(17.083113145388765, 20.085007524593546)*[(0, 0), (4, 4), (8, 8), (12, 12), (16, 16), (20, 20), (24, 24)]
(24, 24)*(15.291754242676388, 18.69812546306279)*[(0, 0), (4, 4), (8, 8), (12, 12), (16, 16), (20, 20), (24, 24)]
(24, 24)*(16.871347744093327, 19.49410308511652)*[(0, 0), (4, 4), (8, 8), (12, 12), (16, 16), (20, 20), (24, 24)]
(24, 24)*(14.342153678865103, 20.788509533606675)*[(0, 0), (4, 4), (8, 8), (12, 12), (16, 16), (20, 20), (24, 24)]
(24, 24)*(14.584695039993864, 22.686856822669355)*[(0, 0), (4, 4), (8, 8), (12, 12), (16, 16), (20, 20), (24, 24)]
(24, 24)*(15.262605356756609, 20.13176852398222)*[(0, 0), (4, 4), (8, 8), (12, 12), (16, 16), (20, 20), (24, 24)]
(24, 24)*(17.72223737926557, 21.138984952174727)*[(0, 0), (4, 4), (8, 8), (12, 12), (16, 16), (20, 20), (24, 24)]
(24, 24)*(16.077229424491783, 22.487096758952738)*[(0, 0), (4, 4), (8, 8), (12, 12), (16, 16), (20, 20), (24, 24)]
(24, 24)*(12.091533824427177, 19.707833938306166)*[(0, 0), (4, 4), (8, 8), (12, 12), (16, 16), (20, 20), (24, 24)]
(24, 24)*(17.27320210254711, 21.889953605906708)*[(0, 0), (4, 4), (8, 8), (12, 12), (16, 16), (20, 20), (24, 24)]
(24, 24)*(13.682443145807172, 21.773085098773183)*[(0, 0), (4, 4), (8, 8), (12, 12), (16, 16), (20, 20), (24, 24)]
(24, 24)*(16.63126615442073, 18.948563610528822)*[(0, 0), (4, 4), (8, 8), (12, 12), (16, 16), (20, 20), (24, 24)]
(24, 24)*(12.622649670679014, 20.59356908565756)*[(0, 0), (4, 4), (8, 8), (12, 12), (16, 16), (20, 20), (24, 24)]
(24, 24)*(13.849141734836204, 17.584147935130865)*[(0, 0), (4, 4), (8, 8), (12, 12), (16, 16), (20, 20), (24, 24)]
(24, 24)*(13.850047181225332, 18.295504453985128)*[(0, 0), (4, 4), (8, 8), (12, 12), (16, 16), (20, 20), (24, 24)]
(24, 24)*(17.51169142924868, 20.13758075315916)*[(0, 0), (4, 4), (8, 8), (12, 12), (16, 16), (20, 20), (24, 24)]
(24, 24)*(12.958862649485008, 19.895902918979687)*[(0, 0), (4, 4), (8, 8), (12, 12), (16, 16), (20, 20), (24, 24)]
(24, 24)*(14.547517639716773, 20.488502247468457)*[(0, 0), (4, 4), (8, 8), (12, 12), (16, 16), (20, 20), (24, 24)]
(24, 24)*(14.329796839309953, 18.68116849791003)*[(0, 0), (4, 4), (8, 8), (12, 12), (16, 16), (20, 20), (24, 24)]
(24, 24)*(14.543558326782918, 20.210976635683483)*[(0, 0), (4, 4), (8, 8), (12, 12), (16, 16), (20, 20), (24, 24)]
(24, 24)*(16.915786437157045, 19.53616604775307)*[(0, 0), (4, 4), (8, 8), (12, 12), (16, 16), (20, 20), (24, 24)]
(24, 24)*(13.113427913805936, 22.33174211757383)*[(0, 0), (4, 4), (8, 8), (12, 12), (16, 16), (20, 20), (24, 24)]
(24, 24)*(15.673940311952077, 18.50402115100643)*[(0, 0), (4, 4), (8, 8), (12, 12), (16, 16), (20, 20), (24, 24)]
(24, 24)*(12.75192771101173, 21.732212532145788)*[(0, 0), (4, 4), (8, 8), (12, 12), (16, 16), (20, 20), (24, 24)]
(24, 24)*(13.650019970339873, 18.75244683918139)*[(0, 0), (4, 4), (8, 8), (12, 12), (16, 16), (20, 20), (24, 24)]
(24, 24)*(15.776320586673009, 22.284478927301897)*[(0, 0), (4, 4), (8, 8), (12, 12), (16, 16), (20, 20), (24, 24)]
(24, 24)*(14.923732329427509, 17.228690391756164)*[(0, 0), (4, 4), (8, 8), (12, 12), (16, 16), (20, 20), (24, 24)]
(24, 24)*(17.067162096621814, 19.432029058936056)*[(0, 0), (4, 4), (8, 8), (12, 12), (16, 16), (20, 20), (24, 24)]
(24, 24)*(14.049335451623232, 22.284928309448972)*[(0, 0), (4, 4), (8, 8), (12, 12), (16, 16), (20, 20), (24, 24)]
