(0, 0)  :  *(-0.915886137640217, 0.0751203884396966)*[(0, 0), (4, 4), (8, 8), (12, 12), (16, 16), (20, 20), (24, 24)]
(0, 0)  :  *(-0.28986038073003617, -0.3593966382867758)*[(0, 0), (4, 4), (8, 8), (12, 12), (16, 16), (20, 20), (24, 24)]
(0, 0)  :  *(-0.8669354550165294, 0.277872221774504)*[(0, 0), (4, 4), (8, 8), (12, 12), (16, 16), (20, 20), (24, 24)]
(0, 0)  :  *(-0.9602979764825088, -0.09449455296752454)*[(0, 0), (4, 4), (8, 8), (12, 12), (16, 16), (20, 20), (24, 24)]
(0, 0)  :  *(0.5278367582213608, 0.7554828594241656)*[(0, 0), (4, 4), (8, 8), (12, 12), (16, 16), (20, 20), (24, 24)]
(0, 0)  :  *(0.3721962246996542, 0.32042303897220203)*[(0, 0), (4, 4), (8, 8), (12, 12), (16, 16), (20, 20), (24, 24)]
(0, 0)  :  *(0.33660934765414874, 0.5490295487680762)*[(0, 0), (4, 4), (8, 8), (12, 12), (16, 16), (20, 20), (24, 24)]
(0, 0)  :  *(0.532981224892249, -0.4171370656889525)*[(0, 0), (4, 4), (8, 8), (12, 12), (16, 16), (20, 20), (24, 24)]
(0, 0)  :  *(-0.3583480442240019, -0.11385330954538408)*[(0, 0), (4, 4), (8, 8), (12, 12), (16, 16), (20, 20), (24, 24)]
(0, 0)  :  *(-0.7659012621511296, 0.32539853668373)*[(0, 0), (4, 4), (8, 8), (12, 12), (16, 16), (20, 20), (24, 24)]
(0, 0)  :  *(-0.7580031682717296, -0.2715705525337475)*[(0, 0), (4, 4), (8, 8), (12, 12), (16, 16), (20, 20), (24, 24)]
(0, 0)  :  *(-0.7179629320570098, -0.426354709843131)*[(0, 0), (4, 4), (8, 8), (12, 12), (16, 16), (20, 20), (24, 24)]
(0, 0)  :  *(-0.673622055974058, 0.19284911734041088)*[(0, 0), (4, 4), (8, 8), (12, 12), (16, 16), (20, 20), (24, 24)]
(0, 0)  :  *(-0.4830990553978556, -0.7135625802758802)*[(0, 0), (4, 4), (8, 8), (12, 12), (16, 16), (20, 20), (24, 24)]
(0, 0)  :  *(-0.1328029048407262, 0.7754665679606052)*[(0, 0), (4, 4), (8, 8), (12, 12), (16, 16), (20, 20), (24, 24)]
(0, 0)  :  *(0.008508093396085936, 0.5600584618852669)*[(0, 0), (4, 4), (8, 8), (12, 12), (16, 16), (20, 20), (24, 24)]
(0, 0)  :  *(0.3892522327400918, -0.4327457204882829)*[(0, 0), (4, 4), (8, 8), (12, 12), (16, 16), (20, 20), (24, 24)]
(0, 0)  :  *(0.6426407651411064, 0.21447995240197548)*[(0, 0), (4, 4), (8, 8), (12, 12), (16, 16), (20, 20), (24, 24)]
(0, 0)  :  *(0.34726365106723645, -0.49868607467403103)*[(0, 0), (4, 4), (8, 8), (12, 12), (16, 16), (20, 20), (24, 24)]
(0, 0)  :  *(-0.3039139560999593, -0.6843577575455573)*[(0, 0), (4, 4), (8, 8), (12, 12), (16, 16), (20, 20), (24, 24)]
(0, 0)  :  *(0.4319032933639626, -0.4029451243912973)*[(0, 0), (4, 4), (8, 8), (12, 12), (16, 16), (20, 20), (24, 24)]
(0, 0)  :  *(-0.2693794482515919, -0.6202587247205795)*[(0, 0), (4, 4), (8, 8), (12, 12), (16, 16), (20, 20), (24, 24)]
(0, 0)  :  *(-0.4613981435218011, -0.3117737850880139)*[(0, 0), (4, 4), (8, 8), (12, 12), (16, 16), (20, 20), (24, 24)]
(0, 0)  :  *(0.8284724162006538, -0.21665384354531414)*[(0, 0), (4, 4), (8, 8), (12, 12), (16, 16), (20, 20), (24, 24)]
(0, 0)  :  *(0.23570498860477418, -0.8723389295412597)*[(0, 0), (4, 4), (8, 8), (12, 12), (16, 16), (20, 20), (24, 24)]
(0, 0)  :  *(0.5732803364036847, 0.018642721679103413)*[(0, 0), (4, 4), (8, 8), (12, 12), (16, 16), (20, 20), (24, 24)]
(0, 0)  :  *(-0.5935319824051661, -0.6620914469611324)*[(0, 0), (4, 4), (8, 8), (12, 12), (16, 16), (20, 20), (24, 24)]
(0, 0)  :  *(0.454903065712674, 0.48105556274119254)*[(0, 0), (4, 4), (8, 8), (12, 12), (16, 16), (20, 20), (24, 24)]
(0, 0)  :  *(-0.7168329436870517, -0.10983734843587512)*[(0, 0), (4, 4), (8, 8), (12, 12), (16, 16), (20, 20), (24, 24)]
(0, 0)  :  *(-0.23630426046606545, 0.5127349561388417)*[(0, 0), (4, 4), (8, 8), (12, 12), (16, 16), (20, 20), (24, 24)]
(0, 0)  :  *(0.7220298720721223, 0.5512362674864263)*[(0, 0), (4, 4), (8, 8), (12, 12), (16, 16), (20, 20), (24, 24)]
(0, 0)  :  *(0.1993042200376427, -0.2762552951311984)*[(0, 0), (4, 4), (8, 8), (12, 12), (16, 16), (20, 20), (24, 24)]
(0, 0)  :  *(0.7224144427226946, -0.49025079970678653)*[(0, 0), (4, 4), (8, 8), (12, 12), (16, 16), (20, 20), (24, 24)]
(0, 0)  :  *(0.10735468871197806, 0.6822574181623047)*[(0, 0), (4, 4), (8, 8), (12, 12), (16, 16), (20, 20), (24, 24)]
(0, 0)  :  *(0.1465071123306645, -0.8490608584078447)*[(0, 0), (4, 4), (8, 8), (12, 12), (16, 16), (20, 20), (24, 24)]
(0, 0)  :  *(-0.4787823070311412, -0.3480126310401498)*[(0, 0), (4, 4), (8, 8), (12, 12), (16, 16), (20, 20), (24, 24)]
(0, 0)  :  *(0.7934871618660351, 0.2819386263506025)*[(0, 0), (4, 4), (8, 8), (12, 12), (16, 16), (20, 20), (24, 24)]
(0, 0)  :  *(0.09027410948001124, -0.7955734087188358)*[(0, 0), (4, 4), (8, 8), (12, 12), (16, 16), (20, 20), (24, 24)]
(0, 0)  :  *(-0.26623046098682734, 0.8101177861700644)*[(0, 0), (4, 4), (8, 8), (12, 12), (16, 16), (20, 20), (24, 24)]
(0, 0)  :  *(0.9714620970122723, 0.07759612921969605)*[(0, 0), (4, 4), (8, 8), (12, 12), (16, 16), (20, 20), (24, 24)]
(0, 0)  :  *(-0.5851414562944213, 0.355967589671224)*[(0, 0), (4, 4), (8, 8), (12, 12), (16, 16), (20, 20), (24, 24)]
(0, 0)  :  *(0.9638723078089999, 0.22829492638836063)*[(0, 0), (4, 4), (8, 8), (12, 12), (16, 16), (20, 20), (24, 24)]
(0, 0)  :  *(0.2987734688708297, -0.09704616566815993)*[(0, 0), (4, 4), (8, 8), (12, 12), (16, 16), (20, 20), (24, 24)]
(0, 0)  :  *(-0.9035278517073984, -0.3656225311674469)*[(0, 0), (4, 4), (8, 8), (12, 12), (16, 16), (20, 20), (24, 24)]
(0, 0)  :  *(-0.8592741109282784, 0.03212645163187533)*[(0, 0), (4, 4), (8, 8), (12, 12), (16, 16), (20, 20), (24, 24)]
(0, 0)  :  *(-0.22693216851967946, -0.43302861072493604)*[(0, 0), (4, 4), (8, 8), (12, 12), (16, 16), (20, 20), (24, 24)]
(0, 0)  :  *(-0.24382766945128087, -0.179564319714143)*[(0, 0), (4, 4), (8, 8), (12, 12), (16, 16), (20, 20), (24, 24)]
(0, 0)  :  *(0.376250904247176, -0.2199895093633778)*[(0, 0), (4, 4), (8, 8), (12, 12), (16, 16), (20, 20), (24, 24)]
(0, 0)  :  *(-0.3929945901183396, -0.7797859010748545)*[(0, 0), (4, 4), (8, 8), (12, 12), (16, 16), (20, 20), (24, 24)]
(0, 0)  :  *(0.9350758219376312, -0.19472188389981165)*[(0, 0), (4, 4), (8, 8), (12, 12), (16, 16), (20, 20), (24, 24)]
(0, 0)  :  *(-0.8669127430814019, -0.05354848763481679)*[(0, 0), (4, 4), (8, 8), (12, 12), (16, 16), (20, 20), (24, 24)]
(0, 0)  :  *(0.14862548138566045, -0.5654316726799894)*[(0, 0), (4, 4), (8, 8), (12, 12), (16, 16), (20, 20), (24, 24)]
(0, 0)  :  *(0.5816951841509448, -0.3262968040582837)*[(0, 0), (4, 4), (8, 8), (12, 12), (16, 16), (20, 20), (24, 24)]
(0, 0)  :  *(0.1147617778109351, 0.5477949388880567)*[(0, 0), (4, 4), (8, 8), (12, 12), (16, 16), (20, 20), (24, 24)]
(0, 0)  :  *(-0.5603323292904683, 0.031984741853103626)*[(0, 0), (4, 4), (8, 8), (12, 12), (16, 16), (20, 20), (24, 24)]
(0, 0)  :  *(0.7844867388053485, -0.18842028381144854)*[(0, 0), (4, 4), (8, 8), (12, 12), (16, 16), (20, 20), (24, 24)]
(0, 0)  :  *(0.38888747845391136, -0.3705072700122044)*[(0, 0), (4, 4), (8, 8), (12, 12), (16, 16), (20, 20), (24, 24)]
(0, 0)  :  *(0.6849428646212214, -0.5442941965015224)*[(0, 0), (4, 4), (8, 8), (12, 12), (16, 16), (20, 20), (24, 24)]
(0, 0)  :  *(-0.9559567320563598, -0.2687119728628765)*[(0, 0), (4, 4), (8, 8), (12, 12), (16, 16), (20, 20), (24, 24)]
(0, 0)  :  *(0.45026628935799695, -0.5465820277172688)*[(0, 0), (4, 4), (8, 8), (12, 12), (16, 16), (20, 20), (24, 24)]
(0, 0)  :  *(0.0706925331457342, 0.5589848371978168)*[(0, 0), (4, 4), (8, 8), (12, 12), (16, 16), (20, 20), (24, 24)]
(0, 0)  :  *(-0.5588042393356625, -0.531276332879717)*[(0, 0), (4, 4), (8, 8), (12, 12), (16, 16), (20, 20), (24, 24)]
(0, 0)  :  *(-0.9850035301617792, -0.01659727120920676)*[(0, 0), (4, 4), (8, 8), (12, 12), (16, 16), (20, 20), (24, 24)]
(0, 0)  :  *(-0.26618739547015013, 0.604226995480124)*[(0, 0), (4, 4), (8, 8), (12, 12), (16, 16), (20, 20), (24, 24)]
(0, 0)  :  *(0.40187155510394534, -0.08351142194385253)*[(0, 0), (4, 4), (8, 8), (12, 12), (16, 16), (20, 20), (24, 24)]
(0, 0)  :  *(0.057089200191703604, -0.7193482576975487)*[(0, 0), (4, 4), (8, 8), (12, 12), (16, 16), (20, 20), (24, 24)]
(0, 0)  :  *(0.6783767064885466, -0.06333634786283204)*[(0, 0), (4, 4), (8, 8), (12, 12), (16, 16), (20, 20), (24, 24)]
(0, 0)  :  *(-0.5886388173718173, -0.39078778705557693)*[(0, 0), (4, 4), (8, 8), (12, 12), (16, 16), (20, 20), (24, 24)]
(0, 0)  :  *(-0.2893742505862005, 0.7016372730480165)*[(0, 0), (4, 4), (8, 8), (12, 12), (16, 16), (20, 20), (24, 24)]
(0, 0)  :  *(0.2828208859941075, -0.751159941121476)*[(0, 0), (4, 4), (8, 8), (12, 12), (16, 16), (20, 20), (24, 24)]
(0, 0)  :  *(0.390735777159134, -0.8231231099777614)*[(0, 0), (4, 4), (8, 8), (12, 12), (16, 16), (20, 20), (24, 24)]
(0, 0)  :  *(0.8113286205985637, -0.18847612414095927)*[(0, 0), (4, 4), (8, 8), (12, 12), (16, 16), (20, 20), (24, 24)]
(0, 0)  :  *(0.6019868819955363, 0.24882574822789272)*[(0, 0), (4, 4), (8, 8), (12, 12), (16, 16), (20, 20), (24, 24)]
(0, 0)  :  *(-0.49042096866853546, 0.19650719412026918)*[(0, 0), (4, 4), (8, 8), (12, 12), (16, 16), (20, 20), (24, 24)]
(0, 0)  :  *(-0.5373317509400724, -0.7324916791471378)*[(0, 0), (4, 4), (8, 8), (12, 12), (16, 16), (20, 20), (24, 24)]
(0, 0)  :  *(-0.8830168027856617, 0.4577542375430757)*[(0, 0), (4, 4), (8, 8), (12, 12), (16, 16), (20, 20), (24, 24)]
(0, 0)  :  *(-0.9204302649729394, -0.3364072821058256)*[(0, 0), (4, 4), (8, 8), (12, 12), (16, 16), (20, 20), (24, 24)]
(0, 0)  :  *(-0.4304661322871002, 0.20105324067991015)*[(0, 0), (4, 4), (8, 8), (12, 12), (16, 16), (20, 20), (24, 24)]
(0, 0)  :  *(0.4171187184666847, -0.7068115180582353)*[(0, 0), (4, 4), (8, 8), (12, 12), (16, 16), (20, 20), (24, 24)]
(0, 0)  :  *(-0.2666258063453, 0.7953846322611927)*[(0, 0), (4, 4), (8, 8), (12, 12), (16, 16), (20, 20), (24, 24)]
(0, 0)  :  *(-0.5615198981534104, -0.048733650799844486)*[(0, 0), (4, 4), (8, 8), (12, 12), (16, 16), (20, 20), (24, 24)]
(0, 0)  :  *(0.4125642532031102, 0.3946028659774027)*[(0, 0), (4, 4), (8, 8), (12, 12), (16, 16), (20, 20), (24, 24)]
(0, 0)  :  *(-0.8814250326254331, -0.0456945876617339)*[(0, 0), (4, 4), (8, 8), (12, 12), (16, 16), (20, 20), (24, 24)]
(0, 0)  :  *(-0.1140803695637913, 0.32029018547929555)*[(0, 0), (4, 4), (8, 8), (12, 12), (16, 16), (20, 20), (24, 24)]
(0, 0)  :  *(-0.42293620045709734, 0.5267141442510422)*[(0, 0), (4, 4), (8, 8), (12, 12), (16, 16), (20, 20), (24, 24)]
(0, 0)  :  *(0.21462182321192413, -0.24727993455176234)*[(0, 0), (4, 4), (8, 8), (12, 12), (16, 16), (20, 20), (24, 24)]
(0, 0)  :  *(0.5754265325105101, 0.07420956734938)*[(0, 0), (4, 4), (8, 8), (12, 12), (16, 16), (20, 20), (24, 24)]
(0, 0)  :  *(0.2183518690798938, 0.7386505481346857)*[(0, 0), (4, 4), (8, 8), (12, 12), (16, 16), (20, 20), (24, 24)]
(0, 0)  :  *(-0.13372998221202392, 0.006636138703844607)*[(0, 0), (4, 4), (8, 8), (12, 12), (16, 16), (20, 20), (24, 24)]
(0, 0)  :  *(0.9852865675214715, 0.03251680347027486)*[(0, 0), (4, 4), (8, 8), (12, 12), (16, 16), (20, 20), (24, 24)]
(0, 0)  :  *(0.24735357514018808, 0.5181536114343482)*[(0, 0), (4, 4), (8, 8), (12, 12), (16, 16), (20, 20), (24, 24)]
(0, 0)  :  *(0.10028548090118838, 0.6950895618053103)*[(0, 0), (4, 4), (8, 8), (12, 12), (16, 16), (20, 20), (24, 24)]
(0, 0)  :  *(-0.9459292925734786, 0.2592253238656901)*[(0, 0), (4, 4), (8, 8), (12, 12), (16, 16), (20, 20), (24, 24)]
(0, 0)  :  *(0.4783911108215486, 0.11793757808670235)*[(0, 0), (4, 4), (8, 8), (12, 12), (16, 16), (20, 20), (24, 24)]
(0, 0)  :  *(0.19456529961997293, -0.1033047641357433)*[(0, 0), (4, 4), (8, 8), (12, 12), (16, 16), (20, 20), (24, 24)]
(0, 0)  :  *(0.7062784025738682, 0.15238302368217027)*[(0, 0), (4, 4), (8, 8), (12, 12), (16, 16), (20, 20), (24, 24)]
(0, 0)  :  *(-0.2675320800336267, 0.19852516195783843)*[(0, 0), (4, 4), (8, 8), (12, 12), (16, 16), (20, 20), (24, 24)]
(0, 0)  :  *(-0.966902350313398, 0.1585175883896034)*[(0, 0), (4, 4), (8, 8), (12, 12), (16, 16), (20, 20), (24, 24)]
(0, 0)  :  *(-0.28572634760163473, -0.3436990034382672)*[(0, 0), (4, 4), (8, 8), (12, 12), (16, 16), (20, 20), (24, 24)]
(0, 0)  :  *(-0.36379800590822287, -0.254747005309492)*[(0, 0), (4, 4), (8, 8), (12, 12), (16, 16), (20, 20), (24, 24)]
(12, 12)  :  *(9.110701116258983, 7.275551652033794)*[(0, 0), (4, 4), (8, 8), (12, 12), (16, 16), (20, 20), (24, 24)]
(12, 12)  :  *(9.611677803574288, 7.378555653320964)*[(0, 0), (4, 4), (8, 8), (12, 12), (16, 16), (20, 20), (24, 24)]
(12, 12)  :  *(7.06850256433847, 9.707398833674697)*[(0, 0), (4, 4), (8, 8), (12, 12), (16, 16), (20, 20), (24, 24)]
(12, 12)  :  *(9.67848793682165, 10.061582756868404)*[(0, 0), (4, 4), (8, 8), (12, 12), (16, 16), (20, 20), (24, 24)]
(16, 16)  :  *(11.757458010316155, 10.736356084249703)*[(0, 0), (4, 4), (8, 8), (12, 12), (16, 16), (20, 20), (24, 24)]
(16, 16)  :  *(12.111436869631502, 9.225580756860355)*[(0, 0), (4, 4), (8, 8), (12, 12), (16, 16), (20, 20), (24, 24)]
(16, 16)  :  *(9.914531023007457, 11.558414442181258)*[(0, 0), (4, 4), (8, 8), (12, 12), (16, 16), (20, 20), (24, 24)]
(12, 12)  :  *(10.00066731976305, 8.788182447935178)*[(0, 0), (4, 4), (8, 8), (12, 12), (16, 16), (20, 20), (24, 24)]
(12, 12)  :  *(10.343598469370468, 8.387661502708138)*[(0, 0), (4, 4), (8, 8), (12, 12), (16, 16), (20, 20), (24, 24)]
(12, 12)  :  *(10.49788298453919, 7.284840876152177)*[(0, 0), (4, 4), (8, 8), (12, 12), (16, 16), (20, 20), (24, 24)]
(12, 12)  :  *(9.435767289906774, 8.790334005301743)*[(0, 0), (4, 4), (8, 8), (12, 12), (16, 16), (20, 20), (24, 24)]
(12, 12)  :  *(7.335410502893515, 11.295674267965618)*[(0, 0), (4, 4), (8, 8), (12, 12), (16, 16), (20, 20), (24, 24)]
(16, 16)  :  *(10.364410149352828, 10.1313407774276)*[(0, 0), (4, 4), (8, 8), (12, 12), (16, 16), (20, 20), (24, 24)]
(12, 12)  :  *(10.094062847357932, 9.020457682746041)*[(0, 0), (4, 4), (8, 8), (12, 12), (16, 16), (20, 20), (24, 24)]
(16, 16)  :  *(8.892051912589478, 12.250520245161475)*[(0, 0), (4, 4), (8, 8), (12, 12), (16, 16), (20, 20), (24, 24)]
(16, 16)  :  *(12.44360243944685, 9.196801625671288)*[(0, 0), (4, 4), (8, 8), (12, 12), (16, 16), (20, 20), (24, 24)]
(16, 16)  :  *(10.558166940052303, 10.635447857077166)*[(0, 0), (4, 4), (8, 8), (12, 12), (16, 16), (20, 20), (24, 24)]
(16, 16)  :  *(10.228076959434645, 10.65256144458415)*[(0, 0), (4, 4), (8, 8), (12, 12), (16, 16), (20, 20), (24, 24)]
(16, 16)  :  *(12.970560506627002, 10.045520951523276)*[(0, 0), (4, 4), (8, 8), (12, 12), (16, 16), (20, 20), (24, 24)]
(12, 12)  :  *(9.802715402479913, 9.274035427790768)*[(0, 0), (4, 4), (8, 8), (12, 12), (16, 16), (20, 20), (24, 24)]
(8, 8)  :  *(8.42424155880601, 7.559008228405553)*[(0, 0), (4, 4), (8, 8), (12, 12), (16, 16), (20, 20), (24, 24)]
(12, 12)  :  *(10.430939206626288, 7.377412121863051)*[(0, 0), (4, 4), (8, 8), (12, 12), (16, 16), (20, 20), (24, 24)]
(16, 16)  :  *(10.911940610709403, 11.615824234614454)*[(0, 0), (4, 4), (8, 8), (12, 12), (16, 16), (20, 20), (24, 24)]
(16, 16)  :  *(12.341865999767418, 8.697987441309547)*[(0, 0), (4, 4), (8, 8), (12, 12), (16, 16), (20, 20), (24, 24)]
(16, 16)  :  *(12.356088559722663, 8.738859538429281)*[(0, 0), (4, 4), (8, 8), (12, 12), (16, 16), (20, 20), (24, 24)]
(12, 12)  :  *(9.00791813183996, 10.361308913811797)*[(0, 0), (4, 4), (8, 8), (12, 12), (16, 16), (20, 20), (24, 24)]
(16, 16)  :  *(11.402020499407264, 10.891854425662196)*[(0, 0), (4, 4), (8, 8), (12, 12), (16, 16), (20, 20), (24, 24)]
(16, 16)  :  *(10.172851229921182, 12.616807250668582)*[(0, 0), (4, 4), (8, 8), (12, 12), (16, 16), (20, 20), (24, 24)]
(12, 12)  :  *(11.591912986922106, 7.461965091391901)*[(0, 0), (4, 4), (8, 8), (12, 12), (16, 16), (20, 20), (24, 24)]
(16, 16)  :  *(10.031365623280184, 11.574550325061665)*[(0, 0), (4, 4), (8, 8), (12, 12), (16, 16), (20, 20), (24, 24)]
(12, 12)  :  *(7.255571656942035, 10.849046411413587)*[(0, 0), (4, 4), (8, 8), (12, 12), (16, 16), (20, 20), (24, 24)]
(12, 12)  :  *(7.4573842856556505, 10.009618834169325)*[(0, 0), (4, 4), (8, 8), (12, 12), (16, 16), (20, 20), (24, 24)]
(12, 12)  :  *(8.892413365896674, 8.21188098519803)*[(0, 0), (4, 4), (8, 8), (12, 12), (16, 16), (20, 20), (24, 24)]
(12, 12)  :  *(8.419490375507872, 10.534198728712004)*[(0, 0), (4, 4), (8, 8), (12, 12), (16, 16), (20, 20), (24, 24)]
(12, 12)  :  *(7.673099496271633, 11.817637640261962)*[(0, 0), (4, 4), (8, 8), (12, 12), (16, 16), (20, 20), (24, 24)]
(12, 12)  :  *(7.02822089615806, 10.188606595437168)*[(0, 0), (4, 4), (8, 8), (12, 12), (16, 16), (20, 20), (24, 24)]
(16, 16)  :  *(8.937228968355429, 11.70178802943765)*[(0, 0), (4, 4), (8, 8), (12, 12), (16, 16), (20, 20), (24, 24)]
(16, 16)  :  *(11.818592449971515, 10.540898086533002)*[(0, 0), (4, 4), (8, 8), (12, 12), (16, 16), (20, 20), (24, 24)]
(12, 12)  :  *(8.839002803169128, 8.682555249207855)*[(0, 0), (4, 4), (8, 8), (12, 12), (16, 16), (20, 20), (24, 24)]
(12, 12)  :  *(9.575126786908108, 8.107820933468174)*[(0, 0), (4, 4), (8, 8), (12, 12), (16, 16), (20, 20), (24, 24)]
(16, 16)  :  *(12.386278181581453, 10.266748640396585)*[(0, 0), (4, 4), (8, 8), (12, 12), (16, 16), (20, 20), (24, 24)]
(12, 12)  :  *(10.744849875209326, 7.62094402406507)*[(0, 0), (4, 4), (8, 8), (12, 12), (16, 16), (20, 20), (24, 24)]
(12, 12)  :  *(8.975162966813185, 10.347185540569406)*[(0, 0), (4, 4), (8, 8), (12, 12), (16, 16), (20, 20), (24, 24)]
(16, 16)  :  *(11.60873129352196, 11.497258195040937)*[(0, 0), (4, 4), (8, 8), (12, 12), (16, 16), (20, 20), (24, 24)]
(16, 16)  :  *(10.699769075097187, 11.004563235783923)*[(0, 0), (4, 4), (8, 8), (12, 12), (16, 16), (20, 20), (24, 24)]
(12, 12)  :  *(9.154131055801983, 9.802791152517278)*[(0, 0), (4, 4), (8, 8), (12, 12), (16, 16), (20, 20), (24, 24)]
(16, 16)  :  *(11.23271775066663, 9.012512801881547)*[(0, 0), (4, 4), (8, 8), (12, 12), (16, 16), (20, 20), (24, 24)]
(12, 12)  :  *(8.995919825438977, 7.174738680505915)*[(0, 0), (4, 4), (8, 8), (12, 12), (16, 16), (20, 20), (24, 24)]
(16, 16)  :  *(10.955169000155731, 10.813762098359229)*[(0, 0), (4, 4), (8, 8), (12, 12), (16, 16), (20, 20), (24, 24)]
(12, 12)  :  *(7.728233876123164, 10.877975302544)*[(0, 0), (4, 4), (8, 8), (12, 12), (16, 16), (20, 20), (24, 24)]
(12, 12)  :  *(9.146627390529408, 9.314405550026883)*[(0, 0), (4, 4), (8, 8), (12, 12), (16, 16), (20, 20), (24, 24)]
(16, 16)  :  *(10.94411269243994, 9.680129723233838)*[(0, 0), (4, 4), (8, 8), (12, 12), (16, 16), (20, 20), (24, 24)]
(16, 16)  :  *(10.236364668085429, 12.39847636447318)*[(0, 0), (4, 4), (8, 8), (12, 12), (16, 16), (20, 20), (24, 24)]
(20, 20)  :  *(11.667898285809077, 12.362405492250499)*[(0, 0), (4, 4), (8, 8), (12, 12), (16, 16), (20, 20), (24, 24)]
(12, 12)  :  *(8.7012380262464, 9.38732296183966)*[(0, 0), (4, 4), (8, 8), (12, 12), (16, 16), (20, 20), (24, 24)]
(16, 16)  :  *(10.656333780591037, 9.843421114371873)*[(0, 0), (4, 4), (8, 8), (12, 12), (16, 16), (20, 20), (24, 24)]
(16, 16)  :  *(12.14295891636285, 10.657202914888652)*[(0, 0), (4, 4), (8, 8), (12, 12), (16, 16), (20, 20), (24, 24)]
(12, 12)  :  *(9.989474632377, 8.027435576454172)*[(0, 0), (4, 4), (8, 8), (12, 12), (16, 16), (20, 20), (24, 24)]
(12, 12)  :  *(11.578626507491546, 7.678299727846471)*[(0, 0), (4, 4), (8, 8), (12, 12), (16, 16), (20, 20), (24, 24)]
(12, 12)  :  *(10.330811069237736, 8.408903216934508)*[(0, 0), (4, 4), (8, 8), (12, 12), (16, 16), (20, 20), (24, 24)]
(16, 16)  :  *(11.513892409425996, 11.871988691625862)*[(0, 0), (4, 4), (8, 8), (12, 12), (16, 16), (20, 20), (24, 24)]
(12, 12)  :  *(8.81732448690672, 10.875629131933744)*[(0, 0), (4, 4), (8, 8), (12, 12), (16, 16), (20, 20), (24, 24)]
(12, 12)  :  *(10.864138973705227, 8.664165466912465)*[(0, 0), (4, 4), (8, 8), (12, 12), (16, 16), (20, 20), (24, 24)]
(12, 12)  :  *(9.581886484417273, 8.238119183051106)*[(0, 0), (4, 4), (8, 8), (12, 12), (16, 16), (20, 20), (24, 24)]
(16, 16)  :  *(10.849859640270935, 11.868523433649294)*[(0, 0), (4, 4), (8, 8), (12, 12), (16, 16), (20, 20), (24, 24)]
(16, 16)  :  *(9.38840783586869, 11.797072173939751)*[(0, 0), (4, 4), (8, 8), (12, 12), (16, 16), (20, 20), (24, 24)]
(16, 16)  :  *(12.15877211135313, 9.769290046009921)*[(0, 0), (4, 4), (8, 8), (12, 12), (16, 16), (20, 20), (24, 24)]
(12, 12)  :  *(10.013776478382162, 7.289439380463526)*[(0, 0), (4, 4), (8, 8), (12, 12), (16, 16), (20, 20), (24, 24)]
(16, 16)  :  *(12.848236814047647, 10.21967860926649)*[(0, 0), (4, 4), (8, 8), (12, 12), (16, 16), (20, 20), (24, 24)]
(12, 12)  :  *(7.161748601611746, 9.050950558084816)*[(0, 0), (4, 4), (8, 8), (12, 12), (16, 16), (20, 20), (24, 24)]
(16, 16)  :  *(12.396889161538386, 11.02309543656042)*[(0, 0), (4, 4), (8, 8), (12, 12), (16, 16), (20, 20), (24, 24)]
(16, 16)  :  *(12.018999033877463, 8.937611272250853)*[(0, 0), (4, 4), (8, 8), (12, 12), (16, 16), (20, 20), (24, 24)]
(16, 16)  :  *(9.857364245683108, 10.891903088998962)*[(0, 0), (4, 4), (8, 8), (12, 12), (16, 16), (20, 20), (24, 24)]
(16, 16)  :  *(8.742677340617192, 11.97482811371152)*[(0, 0), (4, 4), (8, 8), (12, 12), (16, 16), (20, 20), (24, 24)]
(16, 16)  :  *(12.018636430517255, 11.932645301923301)*[(0, 0), (4, 4), (8, 8), (12, 12), (16, 16), (20, 20), (24, 24)]
(12, 12)  :  *(7.198142691782834, 9.26108680011768)*[(0, 0), (4, 4), (8, 8), (12, 12), (16, 16), (20, 20), (24, 24)]
(12, 12)  :  *(9.81413739993802, 7.713519197152223)*[(0, 0), (4, 4), (8, 8), (12, 12), (16, 16), (20, 20), (24, 24)]
(12, 12)  :  *(8.436504366783634, 9.44405860513427)*[(0, 0), (4, 4), (8, 8), (12, 12), (16, 16), (20, 20), (24, 24)]
(16, 16)  :  *(10.134807750221093, 11.313723866282889)*[(0, 0), (4, 4), (8, 8), (12, 12), (16, 16), (20, 20), (24, 24)]
(16, 16)  :  *(11.30291333745202, 12.081960599211602)*[(0, 0), (4, 4), (8, 8), (12, 12), (16, 16), (20, 20), (24, 24)]
(12, 12)  :  *(11.775141947650575, 8.167225738426861)*[(0, 0), (4, 4), (8, 8), (12, 12), (16, 16), (20, 20), (24, 24)]
(16, 16)  :  *(12.917831897479585, 9.809694702674202)*[(0, 0), (4, 4), (8, 8), (12, 12), (16, 16), (20, 20), (24, 24)]
(16, 16)  :  *(8.448447227953384, 12.226730580592442)*[(0, 0), (4, 4), (8, 8), (12, 12), (16, 16), (20, 20), (24, 24)]
(16, 16)  :  *(12.961678635930312, 10.345199253356437)*[(0, 0), (4, 4), (8, 8), (12, 12), (16, 16), (20, 20), (24, 24)]
(16, 16)  :  *(9.698812800446984, 10.973511558474481)*[(0, 0), (4, 4), (8, 8), (12, 12), (16, 16), (20, 20), (24, 24)]
(12, 12)  :  *(10.812462413540363, 8.595756713719265)*[(0, 0), (4, 4), (8, 8), (12, 12), (16, 16), (20, 20), (24, 24)]
(16, 16)  :  *(11.129234934052798, 10.558531842921932)*[(0, 0), (4, 4), (8, 8), (12, 12), (16, 16), (20, 20), (24, 24)]
(12, 12)  :  *(11.123738215567261, 8.244928636779834)*[(0, 0), (4, 4), (8, 8), (12, 12), (16, 16), (20, 20), (24, 24)]
(12, 12)  :  *(9.833379446805997, 9.456962672408768)*[(0, 0), (4, 4), (8, 8), (12, 12), (16, 16), (20, 20), (24, 24)]
(12, 12)  :  *(10.078911475171264, 7.718528806560342)*[(0, 0), (4, 4), (8, 8), (12, 12), (16, 16), (20, 20), (24, 24)]
(16, 16)  :  *(11.241447019647824, 11.342158092293793)*[(0, 0), (4, 4), (8, 8), (12, 12), (16, 16), (20, 20), (24, 24)]
(16, 16)  :  *(10.26446998935469, 11.392013545145133)*[(0, 0), (4, 4), (8, 8), (12, 12), (16, 16), (20, 20), (24, 24)]
(12, 12)  :  *(7.972565392572316, 10.80360605690008)*[(0, 0), (4, 4), (8, 8), (12, 12), (16, 16), (20, 20), (24, 24)]
(12, 12)  :  *(8.658070749675128, 10.630435943315423)*[(0, 0), (4, 4), (8, 8), (12, 12), (16, 16), (20, 20), (24, 24)]
(16, 16)  :  *(12.956687163251464, 9.562263705476527)*[(0, 0), (4, 4), (8, 8), (12, 12), (16, 16), (20, 20), (24, 24)]
(16, 16)  :  *(10.708755135008783, 12.390796123103595)*[(0, 0), (4, 4), (8, 8), (12, 12), (16, 16), (20, 20), (24, 24)]
(16, 16)  :  *(11.977066686618752, 10.06045174618721)*[(0, 0), (4, 4), (8, 8), (12, 12), (16, 16), (20, 20), (24, 24)]
(12, 12)  :  *(9.533116697090255, 7.398363450656513)*[(0, 0), (4, 4), (8, 8), (12, 12), (16, 16), (20, 20), (24, 24)]
(16, 16)  :  *(11.243155834564448, 9.853565712732255)*[(0, 0), (4, 4), (8, 8), (12, 12), (16, 16), (20, 20), (24, 24)]
(12, 12)  :  *(7.829465453465328, 9.387865133012179)*[(0, 0), (4, 4), (8, 8), (12, 12), (16, 16), (20, 20), (24, 24)]
(16, 16)  :  *(15.02576463287878, 9.523989840744434)*[(0, 0), (4, 4), (8, 8), (12, 12), (16, 16), (20, 20), (24, 24)]
(20, 20)  :  *(18.33431777086615, 12.5959329390143)*[(0, 0), (4, 4), (8, 8), (12, 12), (16, 16), (20, 20), (24, 24)]
(24, 24)  :  *(24.655888062039473, 10.648525656946816)*[(0, 0), (4, 4), (8, 8), (12, 12), (16, 16), (20, 20), (24, 24)]
(16, 16)  :  *(17.457760814433904, 6.851763087738645)*[(0, 0), (4, 4), (8, 8), (12, 12), (16, 16), (20, 20), (24, 24)]
(24, 24)  :  *(20.743782715928866, 11.663377613917621)*[(0, 0), (4, 4), (8, 8), (12, 12), (16, 16), (20, 20), (24, 24)]
(16, 16)  :  *(17.004572125477868, 9.214318136808847)*[(0, 0), (4, 4), (8, 8), (12, 12), (16, 16), (20, 20), (24, 24)]
(16, 16)  :  *(19.311349016994164, 5.265403101046901)*[(0, 0), (4, 4), (8, 8), (12, 12), (16, 16), (20, 20), (24, 24)]
(24, 24)  :  *(20.127060900684853, 14.21937597437562)*[(0, 0), (4, 4), (8, 8), (12, 12), (16, 16), (20, 20), (24, 24)]
(24, 24)  :  *(21.58754059950005, 12.658414531928564)*[(0, 0), (4, 4), (8, 8), (12, 12), (16, 16), (20, 20), (24, 24)]
(20, 20)  :  *(16.050315374355456, 12.02364174235591)*[(0, 0), (4, 4), (8, 8), (12, 12), (16, 16), (20, 20), (24, 24)]
(24, 24)  :  *(23.117534562610587, 10.723223430723692)*[(0, 0), (4, 4), (8, 8), (12, 12), (16, 16), (20, 20), (24, 24)]
(24, 24)  :  *(23.591681695742516, 12.330010508273016)*[(0, 0), (4, 4), (8, 8), (12, 12), (16, 16), (20, 20), (24, 24)]
(24, 24)  :  *(22.883215820260087, 14.048272090648634)*[(0, 0), (4, 4), (8, 8), (12, 12), (16, 16), (20, 20), (24, 24)]
(20, 20)  :  *(21.386982082441257, 7.830901389817441)*[(0, 0), (4, 4), (8, 8), (12, 12), (16, 16), (20, 20), (24, 24)]
(20, 20)  :  *(21.611611028383074, 8.386934207275464)*[(0, 0), (4, 4), (8, 8), (12, 12), (16, 16), (20, 20), (24, 24)]
(24, 24)  :  *(21.323045112728522, 12.87997148402841)*[(0, 0), (4, 4), (8, 8), (12, 12), (16, 16), (20, 20), (24, 24)]
(24, 24)  :  *(24.709638409063835, 8.5100209201582)*[(0, 0), (4, 4), (8, 8), (12, 12), (16, 16), (20, 20), (24, 24)]
(16, 16)  :  *(16.907931851835148, 9.669287420009818)*[(0, 0), (4, 4), (8, 8), (12, 12), (16, 16), (20, 20), (24, 24)]
(24, 24)  :  *(19.020519127434824, 14.624221942543612)*[(0, 0), (4, 4), (8, 8), (12, 12), (16, 16), (20, 20), (24, 24)]
(20, 20)  :  *(22.936546230762506, 6.094160309899923)*[(0, 0), (4, 4), (8, 8), (12, 12), (16, 16), (20, 20), (24, 24)]
(20, 20)  :  *(24.248773647059632, 7.662543449828692)*[(0, 0), (4, 4), (8, 8), (12, 12), (16, 16), (20, 20), (24, 24)]
(24, 24)  :  *(21.9924084900998, 10.556566601678593)*[(0, 0), (4, 4), (8, 8), (12, 12), (16, 16), (20, 20), (24, 24)]
(16, 16)  :  *(21.501077628159813, 5.291740211471356)*[(0, 0), (4, 4), (8, 8), (12, 12), (16, 16), (20, 20), (24, 24)]
(20, 20)  :  *(16.693021985041913, 13.177665480216152)*[(0, 0), (4, 4), (8, 8), (12, 12), (16, 16), (20, 20), (24, 24)]
(12, 12)  :  *(17.52819072993646, 6.403860194293854)*[(0, 0), (4, 4), (8, 8), (12, 12), (16, 16), (20, 20), (24, 24)]
(24, 24)  :  *(23.008237027618964, 13.134902777322525)*[(0, 0), (4, 4), (8, 8), (12, 12), (16, 16), (20, 20), (24, 24)]
(24, 24)  :  *(22.21426867158003, 10.985696477092226)*[(0, 0), (4, 4), (8, 8), (12, 12), (16, 16), (20, 20), (24, 24)]
(20, 20)  :  *(22.186710765600846, 6.681635848594514)*[(0, 0), (4, 4), (8, 8), (12, 12), (16, 16), (20, 20), (24, 24)]
(24, 24)  :  *(24.7816729957207, 9.501714475639865)*[(0, 0), (4, 4), (8, 8), (12, 12), (16, 16), (20, 20), (24, 24)]
(16, 16)  :  *(20.606518970936918, 7.2684452606704575)*[(0, 0), (4, 4), (8, 8), (12, 12), (16, 16), (20, 20), (24, 24)]
(16, 16)  :  *(16.255267573770865, 7.853153732748981)*[(0, 0), (4, 4), (8, 8), (12, 12), (16, 16), (20, 20), (24, 24)]
(16, 16)  :  *(19.510959496646265, 6.946557828249709)*[(0, 0), (4, 4), (8, 8), (12, 12), (16, 16), (20, 20), (24, 24)]
(24, 24)  :  *(21.497697066668415, 11.681167155168175)*[(0, 0), (4, 4), (8, 8), (12, 12), (16, 16), (20, 20), (24, 24)]
(12, 12)  :  *(16.251370265289793, 6.8865359770299195)*[(0, 0), (4, 4), (8, 8), (12, 12), (16, 16), (20, 20), (24, 24)]
(24, 24)  :  *(18.273850515926966, 14.11658949200164)*[(0, 0), (4, 4), (8, 8), (12, 12), (16, 16), (20, 20), (24, 24)]
(16, 16)  :  *(20.6863859743526, 6.948108850350022)*[(0, 0), (4, 4), (8, 8), (12, 12), (16, 16), (20, 20), (24, 24)]
(20, 20)  :  *(20.37831620621119, 8.681610540975818)*[(0, 0), (4, 4), (8, 8), (12, 12), (16, 16), (20, 20), (24, 24)]
(20, 20)  :  *(20.261988295689303, 11.019703735971913)*[(0, 0), (4, 4), (8, 8), (12, 12), (16, 16), (20, 20), (24, 24)]
(24, 24)  :  *(23.303626664220353, 10.503191951961185)*[(0, 0), (4, 4), (8, 8), (12, 12), (16, 16), (20, 20), (24, 24)]
(24, 24)  :  *(22.276235637064378, 13.52381276409852)*[(0, 0), (4, 4), (8, 8), (12, 12), (16, 16), (20, 20), (24, 24)]
(12, 12)  :  *(17.534765252059124, 5.816931362283308)*[(0, 0), (4, 4), (8, 8), (12, 12), (16, 16), (20, 20), (24, 24)]
(24, 24)  :  *(19.747943952708187, 13.850604480163597)*[(0, 0), (4, 4), (8, 8), (12, 12), (16, 16), (20, 20), (24, 24)]
(24, 24)  :  *(22.82470262607974, 12.878599247514314)*[(0, 0), (4, 4), (8, 8), (12, 12), (16, 16), (20, 20), (24, 24)]
(20, 20)  :  *(21.30476145067077, 8.499165797629907)*[(0, 0), (4, 4), (8, 8), (12, 12), (16, 16), (20, 20), (24, 24)]
(20, 20)  :  *(19.917130153023827, 9.917828084664958)*[(0, 0), (4, 4), (8, 8), (12, 12), (16, 16), (20, 20), (24, 24)]
(24, 24)  :  *(23.993266304792755, 8.489774820776583)*[(0, 0), (4, 4), (8, 8), (12, 12), (16, 16), (20, 20), (24, 24)]
(24, 24)  :  *(24.99253961684711, 9.829071704415968)*[(0, 0), (4, 4), (8, 8), (12, 12), (16, 16), (20, 20), (24, 24)]
(24, 24)  :  *(24.978623521147703, 10.284102461071859)*[(0, 0), (4, 4), (8, 8), (12, 12), (16, 16), (20, 20), (24, 24)]
(20, 20)  :  *(18.842775309828973, 12.873885370707605)*[(0, 0), (4, 4), (8, 8), (12, 12), (16, 16), (20, 20), (24, 24)]
(20, 20)  :  *(19.62304768011182, 11.876033673481905)*[(0, 0), (4, 4), (8, 8), (12, 12), (16, 16), (20, 20), (24, 24)]
(24, 24)  :  *(24.6781113374416, 8.367349855858826)*[(0, 0), (4, 4), (8, 8), (12, 12), (16, 16), (20, 20), (24, 24)]
(24, 24)  :  *(24.491135132855568, 11.023293081401777)*[(0, 0), (4, 4), (8, 8), (12, 12), (16, 16), (20, 20), (24, 24)]
(20, 20)  :  *(21.176221520948353, 8.443907464834606)*[(0, 0), (4, 4), (8, 8), (12, 12), (16, 16), (20, 20), (24, 24)]
(12, 12)  :  *(15.410187048907982, 8.214095430643747)*[(0, 0), (4, 4), (8, 8), (12, 12), (16, 16), (20, 20), (24, 24)]
(20, 20)  :  *(19.95951417981494, 8.356928965093324)*[(0, 0), (4, 4), (8, 8), (12, 12), (16, 16), (20, 20), (24, 24)]
(20, 20)  :  *(17.298957848791282, 14.143053749805375)*[(0, 0), (4, 4), (8, 8), (12, 12), (16, 16), (20, 20), (24, 24)]
(24, 24)  :  *(23.483783596559768, 10.333751167067941)*[(0, 0), (4, 4), (8, 8), (12, 12), (16, 16), (20, 20), (24, 24)]
(20, 20)  :  *(22.275312499506747, 7.392334760406004)*[(0, 0), (4, 4), (8, 8), (12, 12), (16, 16), (20, 20), (24, 24)]
(16, 16)  :  *(17.84808900916729, 10.132844291751399)*[(0, 0), (4, 4), (8, 8), (12, 12), (16, 16), (20, 20), (24, 24)]
(20, 20)  :  *(22.80740017967461, 6.880478828935836)*[(0, 0), (4, 4), (8, 8), (12, 12), (16, 16), (20, 20), (24, 24)]
(20, 20)  :  *(20.7961953403588, 7.435630664240959)*[(0, 0), (4, 4), (8, 8), (12, 12), (16, 16), (20, 20), (24, 24)]
(16, 16)  :  *(15.074220196501303, 9.201137494550117)*[(0, 0), (4, 4), (8, 8), (12, 12), (16, 16), (20, 20), (24, 24)]
(24, 24)  :  *(20.75489161702363, 13.297635584837144)*[(0, 0), (4, 4), (8, 8), (12, 12), (16, 16), (20, 20), (24, 24)]
(20, 20)  :  *(17.730872644061403, 11.914256843943736)*[(0, 0), (4, 4), (8, 8), (12, 12), (16, 16), (20, 20), (24, 24)]
(20, 20)  :  *(17.41509469831701, 10.852704868345574)*[(0, 0), (4, 4), (8, 8), (12, 12), (16, 16), (20, 20), (24, 24)]
(20, 20)  :  *(22.565262855735067, 7.225266989044726)*[(0, 0), (4, 4), (8, 8), (12, 12), (16, 16), (20, 20), (24, 24)]
(20, 20)  :  *(23.759229326784137, 7.14077997856271)*[(0, 0), (4, 4), (8, 8), (12, 12), (16, 16), (20, 20), (24, 24)]
(20, 20)  :  *(16.11517396976474, 12.620631413956257)*[(0, 0), (4, 4), (8, 8), (12, 12), (16, 16), (20, 20), (24, 24)]
(20, 20)  :  *(22.43360500932082, 6.391190519990168)*[(0, 0), (4, 4), (8, 8), (12, 12), (16, 16), (20, 20), (24, 24)]
(12, 12)  :  *(16.984180313428944, 6.4049208625698455)*[(0, 0), (4, 4), (8, 8), (12, 12), (16, 16), (20, 20), (24, 24)]
(20, 20)  :  *(18.847249190679214, 9.355942923059754)*[(0, 0), (4, 4), (8, 8), (12, 12), (16, 16), (20, 20), (24, 24)]
(24, 24)  :  *(21.364945518348076, 13.523984935027025)*[(0, 0), (4, 4), (8, 8), (12, 12), (16, 16), (20, 20), (24, 24)]
(16, 16)  :  *(17.98327597246539, 9.349947501424197)*[(0, 0), (4, 4), (8, 8), (12, 12), (16, 16), (20, 20), (24, 24)]
(24, 24)  :  *(23.517314165069862, 8.86592030158402)*[(0, 0), (4, 4), (8, 8), (12, 12), (16, 16), (20, 20), (24, 24)]
(20, 20)  :  *(21.26965575898674, 7.637765063276358)*[(0, 0), (4, 4), (8, 8), (12, 12), (16, 16), (20, 20), (24, 24)]
(20, 20)  :  *(18.82934501441654, 9.308682513634196)*[(0, 0), (4, 4), (8, 8), (12, 12), (16, 16), (20, 20), (24, 24)]
(20, 20)  :  *(20.853088992665768, 9.886294286804798)*[(0, 0), (4, 4), (8, 8), (12, 12), (16, 16), (20, 20), (24, 24)]
(24, 24)  :  *(18.54180310106617, 14.083323783503293)*[(0, 0), (4, 4), (8, 8), (12, 12), (16, 16), (20, 20), (24, 24)]
(24, 24)  :  *(24.911187277438536, 10.421297983986936)*[(0, 0), (4, 4), (8, 8), (12, 12), (16, 16), (20, 20), (24, 24)]
(24, 24)  :  *(19.835352707438517, 12.547874705685784)*[(0, 0), (4, 4), (8, 8), (12, 12), (16, 16), (20, 20), (24, 24)]
(20, 20)  :  *(21.666516109242266, 6.406755649604456)*[(0, 0), (4, 4), (8, 8), (12, 12), (16, 16), (20, 20), (24, 24)]
(24, 24)  :  *(23.36806922175068, 13.488407373645554)*[(0, 0), (4, 4), (8, 8), (12, 12), (16, 16), (20, 20), (24, 24)]
(16, 16)  :  *(16.06625390438025, 11.725809791073388)*[(0, 0), (4, 4), (8, 8), (12, 12), (16, 16), (20, 20), (24, 24)]
(20, 20)  :  *(22.180947852588208, 8.817883282446946)*[(0, 0), (4, 4), (8, 8), (12, 12), (16, 16), (20, 20), (24, 24)]
(20, 20)  :  *(18.534507861613015, 12.437656288069519)*[(0, 0), (4, 4), (8, 8), (12, 12), (16, 16), (20, 20), (24, 24)]
(16, 16)  :  *(15.269129751241442, 8.772025495335473)*[(0, 0), (4, 4), (8, 8), (12, 12), (16, 16), (20, 20), (24, 24)]
(24, 24)  :  *(24.888736317428076, 10.316040116421325)*[(0, 0), (4, 4), (8, 8), (12, 12), (16, 16), (20, 20), (24, 24)]
(20, 20)  :  *(18.550954926832418, 11.594725720704542)*[(0, 0), (4, 4), (8, 8), (12, 12), (16, 16), (20, 20), (24, 24)]
(20, 20)  :  *(20.510305076528276, 8.320985189965178)*[(0, 0), (4, 4), (8, 8), (12, 12), (16, 16), (20, 20), (24, 24)]
(16, 16)  :  *(15.158657432001279, 9.515915928603654)*[(0, 0), (4, 4), (8, 8), (12, 12), (16, 16), (20, 20), (24, 24)]
(16, 16)  :  *(17.054424871337353, 10.479711061457557)*[(0, 0), (4, 4), (8, 8), (12, 12), (16, 16), (20, 20), (24, 24)]
(20, 20)  :  *(21.32645777120645, 8.22244792934939)*[(0, 0), (4, 4), (8, 8), (12, 12), (16, 16), (20, 20), (24, 24)]
(20, 20)  :  *(22.10585216148478, 8.027812276723008)*[(0, 0), (4, 4), (8, 8), (12, 12), (16, 16), (20, 20), (24, 24)]
(24, 24)  :  *(21.566529231097203, 14.476888362600357)*[(0, 0), (4, 4), (8, 8), (12, 12), (16, 16), (20, 20), (24, 24)]
(24, 24)  :  *(24.185430448395433, 12.252904144432495)*[(0, 0), (4, 4), (8, 8), (12, 12), (16, 16), (20, 20), (24, 24)]
(24, 24)  :  *(20.730623386915646, 13.314156964454133)*[(0, 0), (4, 4), (8, 8), (12, 12), (16, 16), (20, 20), (24, 24)]
(20, 20)  :  *(19.23799417222201, 12.461346006543643)*[(0, 0), (4, 4), (8, 8), (12, 12), (16, 16), (20, 20), (24, 24)]
(24, 24)  :  *(23.73470140297601, 9.145954378828552)*[(0, 0), (4, 4), (8, 8), (12, 12), (16, 16), (20, 20), (24, 24)]
(16, 16)  :  *(19.027786562774217, 7.548646176792098)*[(0, 0), (4, 4), (8, 8), (12, 12), (16, 16), (20, 20), (24, 24)]
(16, 16)  :  *(17.699262406615787, 6.792990429930478)*[(0, 0), (4, 4), (8, 8), (12, 12), (16, 16), (20, 20), (24, 24)]
(8, 8)  :  *(6.418000403841216, 0.7621075718945224)*[(0, 0), (4, 4), (8, 8), (12, 12), (16, 16), (20, 20), (24, 24)]
(8, 8)  :  *(12.243703274416795, 1.6692791418893647)*[(0, 0), (4, 4), (8, 8), (12, 12), (16, 16), (20, 20), (24, 24)]
(8, 8)  :  *(6.577208048919479, 1.8705534963143091)*[(0, 0), (4, 4), (8, 8), (12, 12), (16, 16), (20, 20), (24, 24)]
(8, 8)  :  *(9.368409722478916, 3.8997917311646946)*[(0, 0), (4, 4), (8, 8), (12, 12), (16, 16), (20, 20), (24, 24)]
(8, 8)  :  *(6.083499415733625, 2.4334501790920653)*[(0, 0), (4, 4), (8, 8), (12, 12), (16, 16), (20, 20), (24, 24)]
(8, 8)  :  *(11.336706597057196, 0.1953859505895914)*[(0, 0), (4, 4), (8, 8), (12, 12), (16, 16), (20, 20), (24, 24)]
(8, 8)  :  *(12.957982060924934, 1.727520583230397)*[(0, 0), (4, 4), (8, 8), (12, 12), (16, 16), (20, 20), (24, 24)]
(8, 8)  :  *(11.573755643222, -0.922993061086793)*[(0, 0), (4, 4), (8, 8), (12, 12), (16, 16), (20, 20), (24, 24)]
(8, 8)  :  *(12.305724995069877, 0.6308143566392757)*[(0, 0), (4, 4), (8, 8), (12, 12), (16, 16), (20, 20), (24, 24)]
(8, 8)  :  *(7.023469220940814, 0.09821683483084664)*[(0, 0), (4, 4), (8, 8), (12, 12), (16, 16), (20, 20), (24, 24)]
(8, 8)  :  *(10.025388404142, -1.3497382548419656)*[(0, 0), (4, 4), (8, 8), (12, 12), (16, 16), (20, 20), (24, 24)]
(8, 8)  :  *(11.109043422532801, -1.7519414728431955)*[(0, 0), (4, 4), (8, 8), (12, 12), (16, 16), (20, 20), (24, 24)]
(8, 8)  :  *(8.088957635388919, 4.4698636621172945)*[(0, 0), (4, 4), (8, 8), (12, 12), (16, 16), (20, 20), (24, 24)]
(8, 8)  :  *(9.705967701485223, 5.137295434656046)*[(0, 0), (4, 4), (8, 8), (12, 12), (16, 16), (20, 20), (24, 24)]
(8, 8)  :  *(10.743606008582823, 4.969421076001193)*[(0, 0), (4, 4), (8, 8), (12, 12), (16, 16), (20, 20), (24, 24)]
(8, 8)  :  *(12.092581944257798, 4.511275190464714)*[(0, 0), (4, 4), (8, 8), (12, 12), (16, 16), (20, 20), (24, 24)]
(8, 8)  :  *(13.482555665216976, 0.08452025674047495)*[(0, 0), (4, 4), (8, 8), (12, 12), (16, 16), (20, 20), (24, 24)]
(8, 8)  :  *(10.596143599114711, 1.495294340972063)*[(0, 0), (4, 4), (8, 8), (12, 12), (16, 16), (20, 20), (24, 24)]
(8, 8)  :  *(9.616125754054462, -1.407467240005468)*[(0, 0), (4, 4), (8, 8), (12, 12), (16, 16), (20, 20), (24, 24)]
(8, 8)  :  *(10.106134432467192, -0.6554487727935632)*[(0, 0), (4, 4), (8, 8), (12, 12), (16, 16), (20, 20), (24, 24)]
(8, 8)  :  *(10.317023588848661, -1.7160074021152023)*[(0, 0), (4, 4), (8, 8), (12, 12), (16, 16), (20, 20), (24, 24)]
(8, 8)  :  *(12.6394820051346, 2.2562160599319134)*[(0, 0), (4, 4), (8, 8), (12, 12), (16, 16), (20, 20), (24, 24)]
(8, 8)  :  *(11.335363267557227, 1.5126479044327605)*[(0, 0), (4, 4), (8, 8), (12, 12), (16, 16), (20, 20), (24, 24)]
(8, 8)  :  *(10.764434577617953, 1.9602025595544381)*[(0, 0), (4, 4), (8, 8), (12, 12), (16, 16), (20, 20), (24, 24)]
(8, 8)  :  *(9.709175877287237, 5.918599953884778)*[(0, 0), (4, 4), (8, 8), (12, 12), (16, 16), (20, 20), (24, 24)]
(8, 8)  :  *(12.084607650464097, -1.0971886861400955)*[(0, 0), (4, 4), (8, 8), (12, 12), (16, 16), (20, 20), (24, 24)]
(8, 8)  :  *(7.364141635562146, 2.1234789903941524)*[(0, 0), (4, 4), (8, 8), (12, 12), (16, 16), (20, 20), (24, 24)]
(8, 8)  :  *(7.1438348361483515, 2.573152537569148)*[(0, 0), (4, 4), (8, 8), (12, 12), (16, 16), (20, 20), (24, 24)]
(8, 8)  :  *(7.1601738484132085, 4.230314421574813)*[(0, 0), (4, 4), (8, 8), (12, 12), (16, 16), (20, 20), (24, 24)]
(8, 8)  :  *(8.478289395008563, 1.0299705592888428)*[(0, 0), (4, 4), (8, 8), (12, 12), (16, 16), (20, 20), (24, 24)]
(8, 8)  :  *(9.063218431808572, 5.1911454592830175)*[(0, 0), (4, 4), (8, 8), (12, 12), (16, 16), (20, 20), (24, 24)]
(8, 8)  :  *(11.13828153911105, 2.1743383439169945)*[(0, 0), (4, 4), (8, 8), (12, 12), (16, 16), (20, 20), (24, 24)]
(8, 8)  :  *(10.479832069229907, 1.2122377849717885)*[(0, 0), (4, 4), (8, 8), (12, 12), (16, 16), (20, 20), (24, 24)]
(8, 8)  :  *(12.487305989665725, 1.896824820568296)*[(0, 0), (4, 4), (8, 8), (12, 12), (16, 16), (20, 20), (24, 24)]
(8, 8)  :  *(6.994268046933553, 0.11299568680723393)*[(0, 0), (4, 4), (8, 8), (12, 12), (16, 16), (20, 20), (24, 24)]
(8, 8)  :  *(13.754412134645015, 2.292034156975774)*[(0, 0), (4, 4), (8, 8), (12, 12), (16, 16), (20, 20), (24, 24)]
(8, 8)  :  *(9.476416334988082, 0.5637798889289516)*[(0, 0), (4, 4), (8, 8), (12, 12), (16, 16), (20, 20), (24, 24)]
(8, 8)  :  *(13.295907030893613, 0.599908450173076)*[(0, 0), (4, 4), (8, 8), (12, 12), (16, 16), (20, 20), (24, 24)]
(8, 8)  :  *(11.638956069031233, 1.0092613537795865)*[(0, 0), (4, 4), (8, 8), (12, 12), (16, 16), (20, 20), (24, 24)]
(8, 8)  :  *(12.394716937748878, -0.22970667386788468)*[(0, 0), (4, 4), (8, 8), (12, 12), (16, 16), (20, 20), (24, 24)]
(8, 8)  :  *(8.373671368087464, 3.9166307911905074)*[(0, 0), (4, 4), (8, 8), (12, 12), (16, 16), (20, 20), (24, 24)]
(8, 8)  :  *(11.487688275190093, -1.0280397500313818)*[(0, 0), (4, 4), (8, 8), (12, 12), (16, 16), (20, 20), (24, 24)]
(8, 8)  :  *(10.185337389322594, 3.0490778020490708)*[(0, 0), (4, 4), (8, 8), (12, 12), (16, 16), (20, 20), (24, 24)]
(8, 8)  :  *(11.13668305689734, 0.538696730086691)*[(0, 0), (4, 4), (8, 8), (12, 12), (16, 16), (20, 20), (24, 24)]
(8, 8)  :  *(9.098210657896328, 2.895916312902654)*[(0, 0), (4, 4), (8, 8), (12, 12), (16, 16), (20, 20), (24, 24)]
(8, 8)  :  *(9.182713144525305, -0.3907969695140896)*[(0, 0), (4, 4), (8, 8), (12, 12), (16, 16), (20, 20), (24, 24)]
(8, 8)  :  *(10.35835857974919, -0.09095498047735506)*[(0, 0), (4, 4), (8, 8), (12, 12), (16, 16), (20, 20), (24, 24)]
(8, 8)  :  *(11.783225113585111, 2.424403740553008)*[(0, 0), (4, 4), (8, 8), (12, 12), (16, 16), (20, 20), (24, 24)]
(8, 8)  :  *(6.132507042039243, 2.3769132391153436)*[(0, 0), (4, 4), (8, 8), (12, 12), (16, 16), (20, 20), (24, 24)]
(8, 8)  :  *(7.430645498252187, 4.1086034332487)*[(0, 0), (4, 4), (8, 8), (12, 12), (16, 16), (20, 20), (24, 24)]
(8, 8)  :  *(6.113293993903119, 1.2879658295860568)*[(0, 0), (4, 4), (8, 8), (12, 12), (16, 16), (20, 20), (24, 24)]
(8, 8)  :  *(10.299177483030999, 4.270136890257692)*[(0, 0), (4, 4), (8, 8), (12, 12), (16, 16), (20, 20), (24, 24)]
(8, 8)  :  *(11.273462516696128, 3.2091778717159487)*[(0, 0), (4, 4), (8, 8), (12, 12), (16, 16), (20, 20), (24, 24)]
(8, 8)  :  *(13.657524506098753, 1.3692590452814741)*[(0, 0), (4, 4), (8, 8), (12, 12), (16, 16), (20, 20), (24, 24)]
(8, 8)  :  *(6.058399403498358, 1.4279211034929402)*[(0, 0), (4, 4), (8, 8), (12, 12), (16, 16), (20, 20), (24, 24)]
(8, 8)  :  *(10.127526185426508, 2.178678880554221)*[(0, 0), (4, 4), (8, 8), (12, 12), (16, 16), (20, 20), (24, 24)]
(8, 8)  :  *(13.812591452783892, 1.5742936615884844)*[(0, 0), (4, 4), (8, 8), (12, 12), (16, 16), (20, 20), (24, 24)]
(8, 8)  :  *(13.638181314974616, 2.9430772529658906)*[(0, 0), (4, 4), (8, 8), (12, 12), (16, 16), (20, 20), (24, 24)]
(8, 8)  :  *(8.87330021646364, 4.529979897358189)*[(0, 0), (4, 4), (8, 8), (12, 12), (16, 16), (20, 20), (24, 24)]
(8, 8)  :  *(6.268436530608974, 1.7613011006793031)*[(0, 0), (4, 4), (8, 8), (12, 12), (16, 16), (20, 20), (24, 24)]
(8, 8)  :  *(13.984046666903465, 2.0489955046043673)*[(0, 0), (4, 4), (8, 8), (12, 12), (16, 16), (20, 20), (24, 24)]
(8, 8)  :  *(10.698120523157716, 4.4023017899268275)*[(0, 0), (4, 4), (8, 8), (12, 12), (16, 16), (20, 20), (24, 24)]
(8, 8)  :  *(11.666518729716593, 1.3325124599092173)*[(0, 0), (4, 4), (8, 8), (12, 12), (16, 16), (20, 20), (24, 24)]
(8, 8)  :  *(9.329476628226704, 1.0621948446644165)*[(0, 0), (4, 4), (8, 8), (12, 12), (16, 16), (20, 20), (24, 24)]
(8, 8)  :  *(12.08340201186624, -1.1771594114839363)*[(0, 0), (4, 4), (8, 8), (12, 12), (16, 16), (20, 20), (24, 24)]
(8, 8)  :  *(12.963086122150568, 0.7762960267170311)*[(0, 0), (4, 4), (8, 8), (12, 12), (16, 16), (20, 20), (24, 24)]
(8, 8)  :  *(12.89803878761831, 2.2601389143534742)*[(0, 0), (4, 4), (8, 8), (12, 12), (16, 16), (20, 20), (24, 24)]
(8, 8)  :  *(10.940623140726215, 2.0833626261182934)*[(0, 0), (4, 4), (8, 8), (12, 12), (16, 16), (20, 20), (24, 24)]
(8, 8)  :  *(11.594769259559378, -0.10618634461185805)*[(0, 0), (4, 4), (8, 8), (12, 12), (16, 16), (20, 20), (24, 24)]
(8, 8)  :  *(11.211307524135755, 0.1116946910693204)*[(0, 0), (4, 4), (8, 8), (12, 12), (16, 16), (20, 20), (24, 24)]
(8, 8)  :  *(13.553236292581628, 0.3971411340620872)*[(0, 0), (4, 4), (8, 8), (12, 12), (16, 16), (20, 20), (24, 24)]
(8, 8)  :  *(9.458017701188535, 5.694344972220365)*[(0, 0), (4, 4), (8, 8), (12, 12), (16, 16), (20, 20), (24, 24)]
(8, 8)  :  *(9.516064432366248, 3.9179694706395836)*[(0, 0), (4, 4), (8, 8), (12, 12), (16, 16), (20, 20), (24, 24)]
(8, 8)  :  *(9.522002492977247, 4.4579917576732075)*[(0, 0), (4, 4), (8, 8), (12, 12), (16, 16), (20, 20), (24, 24)]
(8, 8)  :  *(9.110294332933181, 1.691919348707636)*[(0, 0), (4, 4), (8, 8), (12, 12), (16, 16), (20, 20), (24, 24)]
(8, 8)  :  *(12.630040596749872, 4.995731888111397)*[(0, 0), (4, 4), (8, 8), (12, 12), (16, 16), (20, 20), (24, 24)]
(8, 8)  :  *(8.406452355573624, 4.390930313416737)*[(0, 0), (4, 4), (8, 8), (12, 12), (16, 16), (20, 20), (24, 24)]
(8, 8)  :  *(12.882584737711305, 2.2327537809472178)*[(0, 0), (4, 4), (8, 8), (12, 12), (16, 16), (20, 20), (24, 24)]
(8, 8)  :  *(7.933476729213783, 0.6858865733922639)*[(0, 0), (4, 4), (8, 8), (12, 12), (16, 16), (20, 20), (24, 24)]
(8, 8)  :  *(10.444651303123784, 0.897529726455716)*[(0, 0), (4, 4), (8, 8), (12, 12), (16, 16), (20, 20), (24, 24)]
(8, 8)  :  *(12.309760018720308, 3.514842121372143)*[(0, 0), (4, 4), (8, 8), (12, 12), (16, 16), (20, 20), (24, 24)]
(8, 8)  :  *(8.712686556395585, -1.6639164567761513)*[(0, 0), (4, 4), (8, 8), (12, 12), (16, 16), (20, 20), (24, 24)]
(8, 8)  :  *(12.737227123775645, 1.2454129369545388)*[(0, 0), (4, 4), (8, 8), (12, 12), (16, 16), (20, 20), (24, 24)]
(8, 8)  :  *(13.16099450712899, 1.572386845839183)*[(0, 0), (4, 4), (8, 8), (12, 12), (16, 16), (20, 20), (24, 24)]
(8, 8)  :  *(10.027405780065852, -1.7216222075728067)*[(0, 0), (4, 4), (8, 8), (12, 12), (16, 16), (20, 20), (24, 24)]
(8, 8)  :  *(6.781760297694281, 2.9714126071775517)*[(0, 0), (4, 4), (8, 8), (12, 12), (16, 16), (20, 20), (24, 24)]
(8, 8)  :  *(9.89283686430018, 0.8448029010120943)*[(0, 0), (4, 4), (8, 8), (12, 12), (16, 16), (20, 20), (24, 24)]
(8, 8)  :  *(9.620530218005655, 4.014650034763147)*[(0, 0), (4, 4), (8, 8), (12, 12), (16, 16), (20, 20), (24, 24)]
(8, 8)  :  *(10.608463299352751, 4.253261614363419)*[(0, 0), (4, 4), (8, 8), (12, 12), (16, 16), (20, 20), (24, 24)]
(8, 8)  :  *(12.868257047400354, 2.4658624855607383)*[(0, 0), (4, 4), (8, 8), (12, 12), (16, 16), (20, 20), (24, 24)]
(8, 8)  :  *(6.997184532514086, 2.4303293867221387)*[(0, 0), (4, 4), (8, 8), (12, 12), (16, 16), (20, 20), (24, 24)]
(8, 8)  :  *(13.420402412500827, 3.390562046212304)*[(0, 0), (4, 4), (8, 8), (12, 12), (16, 16), (20, 20), (24, 24)]
(8, 8)  :  *(13.98539525113262, 2.307227540360461)*[(0, 0), (4, 4), (8, 8), (12, 12), (16, 16), (20, 20), (24, 24)]
(8, 8)  :  *(13.678399946534508, 1.5263289640101916)*[(0, 0), (4, 4), (8, 8), (12, 12), (16, 16), (20, 20), (24, 24)]
(8, 8)  :  *(9.933077807895796, -0.2868272561656946)*[(0, 0), (4, 4), (8, 8), (12, 12), (16, 16), (20, 20), (24, 24)]
(8, 8)  :  *(6.592468419452132, 2.2998037660151036)*[(0, 0), (4, 4), (8, 8), (12, 12), (16, 16), (20, 20), (24, 24)]
(8, 8)  :  *(12.679177139811543, 3.563133236496801)*[(0, 0), (4, 4), (8, 8), (12, 12), (16, 16), (20, 20), (24, 24)]
(8, 8)  :  *(13.815669351943306, 2.4958653505090274)*[(0, 0), (4, 4), (8, 8), (12, 12), (16, 16), (20, 20), (24, 24)]
(8, 8)  :  *(9.586454108813644, 5.171121084874278)*[(0, 0), (4, 4), (8, 8), (12, 12), (16, 16), (20, 20), (24, 24)]
(8, 8)  :  *(13.287024568754664, -0.06844725944918423)*[(0, 0), (4, 4), (8, 8), (12, 12), (16, 16), (20, 20), (24, 24)]
(12, 12)  :  *(2.267503202783753, 5.428119604181254)*[(0, 0), (4, 4), (8, 8), (12, 12), (16, 16), (20, 20), (24, 24)]
(12, 12)  :  *(3.099372338465816, 3.5487306044284415)*[(0, 0), (4, 4), (8, 8), (12, 12), (16, 16), (20, 20), (24, 24)]
(12, 12)  :  *(2.0258160613472413, 4.860607721171451)*[(0, 0), (4, 4), (8, 8), (12, 12), (16, 16), (20, 20), (24, 24)]
(12, 12)  :  *(2.6315487386335277, 6.425324047687647)*[(0, 0), (4, 4), (8, 8), (12, 12), (16, 16), (20, 20), (24, 24)]
(12, 12)  :  *(4.493135773322155, 3.708896979115781)*[(0, 0), (4, 4), (8, 8), (12, 12), (16, 16), (20, 20), (24, 24)]
(12, 12)  :  *(1.6986855204945601, 4.243882061932052)*[(0, 0), (4, 4), (8, 8), (12, 12), (16, 16), (20, 20), (24, 24)]
(12, 12)  :  *(1.2983839793458896, 5.7199368888473705)*[(0, 0), (4, 4), (8, 8), (12, 12), (16, 16), (20, 20), (24, 24)]
(12, 12)  :  *(2.0464666018500823, 6.244855525967457)*[(0, 0), (4, 4), (8, 8), (12, 12), (16, 16), (20, 20), (24, 24)]
(12, 12)  :  *(3.733038329244491, 5.535324430864945)*[(0, 0), (4, 4), (8, 8), (12, 12), (16, 16), (20, 20), (24, 24)]
(12, 12)  :  *(1.6985444880392575, 5.294821461559695)*[(0, 0), (4, 4), (8, 8), (12, 12), (16, 16), (20, 20), (24, 24)]
(12, 12)  :  *(2.8455264832685767, 6.185394109148501)*[(0, 0), (4, 4), (8, 8), (12, 12), (16, 16), (20, 20), (24, 24)]
(12, 12)  :  *(1.6418743007959673, 3.5744963554020703)*[(0, 0), (4, 4), (8, 8), (12, 12), (16, 16), (20, 20), (24, 24)]
(12, 12)  :  *(3.8520412559471446, 3.8769863927893056)*[(0, 0), (4, 4), (8, 8), (12, 12), (16, 16), (20, 20), (24, 24)]
(12, 12)  :  *(3.2662501443827128, 4.702156572187349)*[(0, 0), (4, 4), (8, 8), (12, 12), (16, 16), (20, 20), (24, 24)]
(12, 12)  :  *(3.0440572422531726, 4.8178238368290565)*[(0, 0), (4, 4), (8, 8), (12, 12), (16, 16), (20, 20), (24, 24)]
(12, 12)  :  *(4.3314817915702655, 4.937502054645173)*[(0, 0), (4, 4), (8, 8), (12, 12), (16, 16), (20, 20), (24, 24)]
(12, 12)  :  *(1.8207095283506436, 6.330092135935686)*[(0, 0), (4, 4), (8, 8), (12, 12), (16, 16), (20, 20), (24, 24)]
(12, 12)  :  *(1.0439335893058401, 4.731019457657551)*[(0, 0), (4, 4), (8, 8), (12, 12), (16, 16), (20, 20), (24, 24)]
(12, 12)  :  *(2.0600904257389088, 4.8136577245645995)*[(0, 0), (4, 4), (8, 8), (12, 12), (16, 16), (20, 20), (24, 24)]
(12, 12)  :  *(4.602726621239743, 4.766076777551727)*[(0, 0), (4, 4), (8, 8), (12, 12), (16, 16), (20, 20), (24, 24)]
(12, 12)  :  *(1.6486998974680294, 4.6667364490012435)*[(0, 0), (4, 4), (8, 8), (12, 12), (16, 16), (20, 20), (24, 24)]
(12, 12)  :  *(4.809980889297849, 4.402582205013992)*[(0, 0), (4, 4), (8, 8), (12, 12), (16, 16), (20, 20), (24, 24)]
(12, 12)  :  *(2.3533902624117573, 4.509995573732907)*[(0, 0), (4, 4), (8, 8), (12, 12), (16, 16), (20, 20), (24, 24)]
(12, 12)  :  *(2.6954571575047503, 5.872451595360011)*[(0, 0), (4, 4), (8, 8), (12, 12), (16, 16), (20, 20), (24, 24)]
(12, 12)  :  *(1.0078414958301698, 4.830283759683521)*[(0, 0), (4, 4), (8, 8), (12, 12), (16, 16), (20, 20), (24, 24)]
(12, 12)  :  *(3.441360337152524, 6.260428276996247)*[(0, 0), (4, 4), (8, 8), (12, 12), (16, 16), (20, 20), (24, 24)]
(12, 12)  :  *(4.6937616661264, 5.103598254959895)*[(0, 0), (4, 4), (8, 8), (12, 12), (16, 16), (20, 20), (24, 24)]
(12, 12)  :  *(4.764200661521285, 5.285493115702742)*[(0, 0), (4, 4), (8, 8), (12, 12), (16, 16), (20, 20), (24, 24)]
(12, 12)  :  *(4.648976507858281, 5.7915876246511955)*[(0, 0), (4, 4), (8, 8), (12, 12), (16, 16), (20, 20), (24, 24)]
(12, 12)  :  *(4.7847815990504206, 4.858469116464341)*[(0, 0), (4, 4), (8, 8), (12, 12), (16, 16), (20, 20), (24, 24)]
(12, 12)  :  *(1.5807500432744797, 3.923214811690641)*[(0, 0), (4, 4), (8, 8), (12, 12), (16, 16), (20, 20), (24, 24)]
(12, 12)  :  *(1.8579449834542543, 6.166813641159086)*[(0, 0), (4, 4), (8, 8), (12, 12), (16, 16), (20, 20), (24, 24)]
(12, 12)  :  *(4.083086191381064, 5.551262630218381)*[(0, 0), (4, 4), (8, 8), (12, 12), (16, 16), (20, 20), (24, 24)]
(12, 12)  :  *(2.4707024570219898, 4.053171176604489)*[(0, 0), (4, 4), (8, 8), (12, 12), (16, 16), (20, 20), (24, 24)]
(12, 12)  :  *(1.3904949864935823, 4.351792753043273)*[(0, 0), (4, 4), (8, 8), (12, 12), (16, 16), (20, 20), (24, 24)]
(12, 12)  :  *(4.861974296286556, 5.501231692518803)*[(0, 0), (4, 4), (8, 8), (12, 12), (16, 16), (20, 20), (24, 24)]
(12, 12)  :  *(3.593748812381267, 6.535368875954009)*[(0, 0), (4, 4), (8, 8), (12, 12), (16, 16), (20, 20), (24, 24)]
(12, 12)  :  *(1.3437622736982773, 4.898562089384514)*[(0, 0), (4, 4), (8, 8), (12, 12), (16, 16), (20, 20), (24, 24)]
(12, 12)  :  *(2.8667156521497983, 5.3195478445853706)*[(0, 0), (4, 4), (8, 8), (12, 12), (16, 16), (20, 20), (24, 24)]
(12, 12)  :  *(1.0518403570558665, 5.04951767546926)*[(0, 0), (4, 4), (8, 8), (12, 12), (16, 16), (20, 20), (24, 24)]
(12, 12)  :  *(1.592124940235995, 5.929293148136016)*[(0, 0), (4, 4), (8, 8), (12, 12), (16, 16), (20, 20), (24, 24)]
(12, 12)  :  *(4.549637219307062, 4.714934096686421)*[(0, 0), (4, 4), (8, 8), (12, 12), (16, 16), (20, 20), (24, 24)]
(12, 12)  :  *(3.3280249318686326, 5.3654297972527)*[(0, 0), (4, 4), (8, 8), (12, 12), (16, 16), (20, 20), (24, 24)]
(12, 12)  :  *(4.899244468963218, 4.764831479018622)*[(0, 0), (4, 4), (8, 8), (12, 12), (16, 16), (20, 20), (24, 24)]
(12, 12)  :  *(4.113382716833575, 4.3693565116058135)*[(0, 0), (4, 4), (8, 8), (12, 12), (16, 16), (20, 20), (24, 24)]
(12, 12)  :  *(1.0327026646103055, 4.747258952657076)*[(0, 0), (4, 4), (8, 8), (12, 12), (16, 16), (20, 20), (24, 24)]
(12, 12)  :  *(4.777864161541481, 4.788304927819658)*[(0, 0), (4, 4), (8, 8), (12, 12), (16, 16), (20, 20), (24, 24)]
(12, 12)  :  *(4.328208002064038, 4.384794463879699)*[(0, 0), (4, 4), (8, 8), (12, 12), (16, 16), (20, 20), (24, 24)]
(12, 12)  :  *(2.3004461230205395, 3.3156235844002624)*[(0, 0), (4, 4), (8, 8), (12, 12), (16, 16), (20, 20), (24, 24)]
(12, 12)  :  *(4.775798239058618, 5.7508350754276565)*[(0, 0), (4, 4), (8, 8), (12, 12), (16, 16), (20, 20), (24, 24)]
(12, 12)  :  *(2.9020100712193067, 4.609793563527214)*[(0, 0), (4, 4), (8, 8), (12, 12), (16, 16), (20, 20), (24, 24)]
(12, 12)  :  *(2.168211970917778, 5.955906699726139)*[(0, 0), (4, 4), (8, 8), (12, 12), (16, 16), (20, 20), (24, 24)]
(12, 12)  :  *(4.413860793620396, 3.707302142631479)*[(0, 0), (4, 4), (8, 8), (12, 12), (16, 16), (20, 20), (24, 24)]
(12, 12)  :  *(3.2700218934120424, 4.578819342017118)*[(0, 0), (4, 4), (8, 8), (12, 12), (16, 16), (20, 20), (24, 24)]
(12, 12)  :  *(1.7897170815214616, 6.15525881287887)*[(0, 0), (4, 4), (8, 8), (12, 12), (16, 16), (20, 20), (24, 24)]
(12, 12)  :  *(3.5251428275317664, 5.197416442195443)*[(0, 0), (4, 4), (8, 8), (12, 12), (16, 16), (20, 20), (24, 24)]
(12, 12)  :  *(1.5293295732465761, 4.005601224357739)*[(0, 0), (4, 4), (8, 8), (12, 12), (16, 16), (20, 20), (24, 24)]
(12, 12)  :  *(4.742556824332105, 5.35381090891636)*[(0, 0), (4, 4), (8, 8), (12, 12), (16, 16), (20, 20), (24, 24)]
(12, 12)  :  *(4.3818119103583095, 5.922867348954165)*[(0, 0), (4, 4), (8, 8), (12, 12), (16, 16), (20, 20), (24, 24)]
(12, 12)  :  *(4.065462674532707, 3.425039516404074)*[(0, 0), (4, 4), (8, 8), (12, 12), (16, 16), (20, 20), (24, 24)]
(12, 12)  :  *(3.5484534118977042, 5.442529283151273)*[(0, 0), (4, 4), (8, 8), (12, 12), (16, 16), (20, 20), (24, 24)]
(12, 12)  :  *(1.6616900109762893, 4.787032919293083)*[(0, 0), (4, 4), (8, 8), (12, 12), (16, 16), (20, 20), (24, 24)]
(12, 12)  :  *(3.3150282839891307, 4.815615701306871)*[(0, 0), (4, 4), (8, 8), (12, 12), (16, 16), (20, 20), (24, 24)]
(12, 12)  :  *(1.0493547408285147, 4.790467130137512)*[(0, 0), (4, 4), (8, 8), (12, 12), (16, 16), (20, 20), (24, 24)]
(12, 12)  :  *(2.0173630893949595, 3.948861866697968)*[(0, 0), (4, 4), (8, 8), (12, 12), (16, 16), (20, 20), (24, 24)]
(12, 12)  :  *(3.9634870384471985, 4.888150008511266)*[(0, 0), (4, 4), (8, 8), (12, 12), (16, 16), (20, 20), (24, 24)]
(12, 12)  :  *(2.231088973144336, 3.79006278213763)*[(0, 0), (4, 4), (8, 8), (12, 12), (16, 16), (20, 20), (24, 24)]
(12, 12)  :  *(3.1944251343066865, 4.299280484603273)*[(0, 0), (4, 4), (8, 8), (12, 12), (16, 16), (20, 20), (24, 24)]
(12, 12)  :  *(1.9384955850473995, 4.142352636449115)*[(0, 0), (4, 4), (8, 8), (12, 12), (16, 16), (20, 20), (24, 24)]
(12, 12)  :  *(4.614057582407602, 4.406447879455229)*[(0, 0), (4, 4), (8, 8), (12, 12), (16, 16), (20, 20), (24, 24)]
(12, 12)  :  *(4.347550515667333, 5.356217489548831)*[(0, 0), (4, 4), (8, 8), (12, 12), (16, 16), (20, 20), (24, 24)]
(12, 12)  :  *(4.682010112320903, 4.57915461548149)*[(0, 0), (4, 4), (8, 8), (12, 12), (16, 16), (20, 20), (24, 24)]
(12, 12)  :  *(4.599915933052918, 5.564474089009952)*[(0, 0), (4, 4), (8, 8), (12, 12), (16, 16), (20, 20), (24, 24)]
(12, 12)  :  *(3.2929735805663336, 3.3401569252806502)*[(0, 0), (4, 4), (8, 8), (12, 12), (16, 16), (20, 20), (24, 24)]
(12, 12)  :  *(1.664712339029704, 4.142177046284261)*[(0, 0), (4, 4), (8, 8), (12, 12), (16, 16), (20, 20), (24, 24)]
(12, 12)  :  *(1.0502141976833075, 4.923419531323299)*[(0, 0), (4, 4), (8, 8), (12, 12), (16, 16), (20, 20), (24, 24)]
(12, 12)  :  *(3.8652284887582433, 5.752220228631755)*[(0, 0), (4, 4), (8, 8), (12, 12), (16, 16), (20, 20), (24, 24)]
(12, 12)  :  *(4.3419781942765345, 5.835048732579521)*[(0, 0), (4, 4), (8, 8), (12, 12), (16, 16), (20, 20), (24, 24)]
(12, 12)  :  *(2.305515764379667, 6.164450659266243)*[(0, 0), (4, 4), (8, 8), (12, 12), (16, 16), (20, 20), (24, 24)]
(12, 12)  :  *(1.2117486058545306, 5.50271993106659)*[(0, 0), (4, 4), (8, 8), (12, 12), (16, 16), (20, 20), (24, 24)]
(12, 12)  :  *(1.424851986416014, 5.806586410809256)*[(0, 0), (4, 4), (8, 8), (12, 12), (16, 16), (20, 20), (24, 24)]
(12, 12)  :  *(2.337824567127285, 5.0474771313803934)*[(0, 0), (4, 4), (8, 8), (12, 12), (16, 16), (20, 20), (24, 24)]
(12, 12)  :  *(1.3596491288853936, 6.133003349645389)*[(0, 0), (4, 4), (8, 8), (12, 12), (16, 16), (20, 20), (24, 24)]
(12, 12)  :  *(2.211495255447462, 4.768140584998688)*[(0, 0), (4, 4), (8, 8), (12, 12), (16, 16), (20, 20), (24, 24)]
(12, 12)  :  *(3.4544267233766224, 3.5242180549761883)*[(0, 0), (4, 4), (8, 8), (12, 12), (16, 16), (20, 20), (24, 24)]
(12, 12)  :  *(2.8776275706570313, 6.526692482320316)*[(0, 0), (4, 4), (8, 8), (12, 12), (16, 16), (20, 20), (24, 24)]
(12, 12)  :  *(4.804142944603499, 4.29151711073682)*[(0, 0), (4, 4), (8, 8), (12, 12), (16, 16), (20, 20), (24, 24)]
(12, 12)  :  *(2.1275161960505558, 3.287989125108146)*[(0, 0), (4, 4), (8, 8), (12, 12), (16, 16), (20, 20), (24, 24)]
(12, 12)  :  *(1.2217926085034363, 5.1356377176572305)*[(0, 0), (4, 4), (8, 8), (12, 12), (16, 16), (20, 20), (24, 24)]
(12, 12)  :  *(3.1387332805507198, 5.038442032965934)*[(0, 0), (4, 4), (8, 8), (12, 12), (16, 16), (20, 20), (24, 24)]
(12, 12)  :  *(2.534394976414758, 6.362458533211834)*[(0, 0), (4, 4), (8, 8), (12, 12), (16, 16), (20, 20), (24, 24)]
(12, 12)  :  *(3.280306520925162, 5.033582721695135)*[(0, 0), (4, 4), (8, 8), (12, 12), (16, 16), (20, 20), (24, 24)]
(12, 12)  :  *(4.744581379197868, 5.84344341549002)*[(0, 0), (4, 4), (8, 8), (12, 12), (16, 16), (20, 20), (24, 24)]
(12, 12)  :  *(1.6666561405974072, 4.243893136141956)*[(0, 0), (4, 4), (8, 8), (12, 12), (16, 16), (20, 20), (24, 24)]
(12, 12)  :  *(4.207546359201444, 5.699332628815025)*[(0, 0), (4, 4), (8, 8), (12, 12), (16, 16), (20, 20), (24, 24)]
(12, 12)  :  *(1.576966665263674, 4.695625888103368)*[(0, 0), (4, 4), (8, 8), (12, 12), (16, 16), (20, 20), (24, 24)]
(12, 12)  :  *(3.1636546912916037, 6.147235370014525)*[(0, 0), (4, 4), (8, 8), (12, 12), (16, 16), (20, 20), (24, 24)]
(12, 12)  :  *(4.209659881152196, 6.409144051517116)*[(0, 0), (4, 4), (8, 8), (12, 12), (16, 16), (20, 20), (24, 24)]
(12, 12)  :  *(1.5897001780621247, 4.182162396445277)*[(0, 0), (4, 4), (8, 8), (12, 12), (16, 16), (20, 20), (24, 24)]
(12, 12)  :  *(1.5008501118388824, 4.492149760822273)*[(0, 0), (4, 4), (8, 8), (12, 12), (16, 16), (20, 20), (24, 24)]
(16, 16)  :  *(7.652328396066023, 18.904931837243495)*[(0, 0), (4, 4), (8, 8), (12, 12), (16, 16), (20, 20), (24, 24)]
(16, 16)  :  *(9.853122287943853, 19.858161057459718)*[(0, 0), (4, 4), (8, 8), (12, 12), (16, 16), (20, 20), (24, 24)]
(16, 16)  :  *(6.694999103984015, 19.452573926351395)*[(0, 0), (4, 4), (8, 8), (12, 12), (16, 16), (20, 20), (24, 24)]
(16, 16)  :  *(4.486395342919006, 22.35993655069895)*[(0, 0), (4, 4), (8, 8), (12, 12), (16, 16), (20, 20), (24, 24)]
(16, 16)  :  *(7.643243965259657, 22.15637086100528)*[(0, 0), (4, 4), (8, 8), (12, 12), (16, 16), (20, 20), (24, 24)]
(16, 16)  :  *(5.524734190572655, 23.524844939093462)*[(0, 0), (4, 4), (8, 8), (12, 12), (16, 16), (20, 20), (24, 24)]
(16, 16)  :  *(8.67065664911268, 22.674205760100346)*[(0, 0), (4, 4), (8, 8), (12, 12), (16, 16), (20, 20), (24, 24)]
(16, 16)  :  *(9.358029852063183, 18.34111131368282)*[(0, 0), (4, 4), (8, 8), (12, 12), (16, 16), (20, 20), (24, 24)]
(16, 16)  :  *(8.99466496700499, 20.565386455699915)*[(0, 0), (4, 4), (8, 8), (12, 12), (16, 16), (20, 20), (24, 24)]
(16, 16)  :  *(3.482589473072929, 21.261252874510376)*[(0, 0), (4, 4), (8, 8), (12, 12), (16, 16), (20, 20), (24, 24)]
(16, 16)  :  *(1.586861954062908, 19.257746784544533)*[(0, 0), (4, 4), (8, 8), (12, 12), (16, 16), (20, 20), (24, 24)]
(16, 16)  :  *(4.62027214883636, 21.87543377556475)*[(0, 0), (4, 4), (8, 8), (12, 12), (16, 16), (20, 20), (24, 24)]
(16, 16)  :  *(5.890491989552853, 17.56325983431257)*[(0, 0), (4, 4), (8, 8), (12, 12), (16, 16), (20, 20), (24, 24)]
(16, 16)  :  *(2.996346372006534, 20.968860390098847)*[(0, 0), (4, 4), (8, 8), (12, 12), (16, 16), (20, 20), (24, 24)]
(16, 16)  :  *(1.2356861864954138, 18.108295296527196)*[(0, 0), (4, 4), (8, 8), (12, 12), (16, 16), (20, 20), (24, 24)]
(16, 16)  :  *(5.2823733346789545, 15.517747021810669)*[(0, 0), (4, 4), (8, 8), (12, 12), (16, 16), (20, 20), (24, 24)]
(16, 16)  :  *(5.514456827018863, 16.195270204970754)*[(0, 0), (4, 4), (8, 8), (12, 12), (16, 16), (20, 20), (24, 24)]
(16, 16)  :  *(8.288379068126659, 23.37675118153244)*[(0, 0), (4, 4), (8, 8), (12, 12), (16, 16), (20, 20), (24, 24)]
(16, 16)  :  *(4.503126601379039, 21.87262813784125)*[(0, 0), (4, 4), (8, 8), (12, 12), (16, 16), (20, 20), (24, 24)]
(16, 16)  :  *(0.16589713072542311, 19.112413006582425)*[(0, 0), (4, 4), (8, 8), (12, 12), (16, 16), (20, 20), (24, 24)]
(16, 16)  :  *(2.226201213865535, 22.00383991468641)*[(0, 0), (4, 4), (8, 8), (12, 12), (16, 16), (20, 20), (24, 24)]
(16, 16)  :  *(0.6008870736310112, 19.16350883130713)*[(0, 0), (4, 4), (8, 8), (12, 12), (16, 16), (20, 20), (24, 24)]
(16, 16)  :  *(6.589284793536426, 18.198001011125175)*[(0, 0), (4, 4), (8, 8), (12, 12), (16, 16), (20, 20), (24, 24)]
(16, 16)  :  *(4.567768987720157, 22.822643682926184)*[(0, 0), (4, 4), (8, 8), (12, 12), (16, 16), (20, 20), (24, 24)]
(16, 16)  :  *(6.020813187407986, 22.99310169771449)*[(0, 0), (4, 4), (8, 8), (12, 12), (16, 16), (20, 20), (24, 24)]
(16, 16)  :  *(8.149126407820948, 22.637962127012234)*[(0, 0), (4, 4), (8, 8), (12, 12), (16, 16), (20, 20), (24, 24)]
(16, 16)  :  *(6.94567204800335, 17.613167117225053)*[(0, 0), (4, 4), (8, 8), (12, 12), (16, 16), (20, 20), (24, 24)]
(16, 16)  :  *(5.3138085664303905, 15.584001868632804)*[(0, 0), (4, 4), (8, 8), (12, 12), (16, 16), (20, 20), (24, 24)]
(16, 16)  :  *(6.842670928143052, 21.829599912867884)*[(0, 0), (4, 4), (8, 8), (12, 12), (16, 16), (20, 20), (24, 24)]
(16, 16)  :  *(7.834479607525285, 19.980134580721696)*[(0, 0), (4, 4), (8, 8), (12, 12), (16, 16), (20, 20), (24, 24)]
(16, 16)  :  *(6.252175540265428, 16.451359872036203)*[(0, 0), (4, 4), (8, 8), (12, 12), (16, 16), (20, 20), (24, 24)]
(16, 16)  :  *(4.810263558379057, 23.29560173450765)*[(0, 0), (4, 4), (8, 8), (12, 12), (16, 16), (20, 20), (24, 24)]
(16, 16)  :  *(9.91358868487466, 20.38870528722577)*[(0, 0), (4, 4), (8, 8), (12, 12), (16, 16), (20, 20), (24, 24)]
(16, 16)  :  *(2.160730670316159, 19.428619676272724)*[(0, 0), (4, 4), (8, 8), (12, 12), (16, 16), (20, 20), (24, 24)]
(16, 16)  :  *(7.975404320625243, 23.218495334415206)*[(0, 0), (4, 4), (8, 8), (12, 12), (16, 16), (20, 20), (24, 24)]
(16, 16)  :  *(9.694730350722327, 20.866467978018118)*[(0, 0), (4, 4), (8, 8), (12, 12), (16, 16), (20, 20), (24, 24)]
(16, 16)  :  *(7.1650599869229845, 22.251177631978344)*[(0, 0), (4, 4), (8, 8), (12, 12), (16, 16), (20, 20), (24, 24)]
(16, 16)  :  *(7.792485213651111, 17.879578861861454)*[(0, 0), (4, 4), (8, 8), (12, 12), (16, 16), (20, 20), (24, 24)]
(16, 16)  :  *(3.6929861573089573, 20.040218962193613)*[(0, 0), (4, 4), (8, 8), (12, 12), (16, 16), (20, 20), (24, 24)]
(16, 16)  :  *(7.749557971312551, 19.58525808725026)*[(0, 0), (4, 4), (8, 8), (12, 12), (16, 16), (20, 20), (24, 24)]
(16, 16)  :  *(1.35858912057503, 19.376394572579983)*[(0, 0), (4, 4), (8, 8), (12, 12), (16, 16), (20, 20), (24, 24)]
(16, 16)  :  *(6.207384479117137, 20.85306753720387)*[(0, 0), (4, 4), (8, 8), (12, 12), (16, 16), (20, 20), (24, 24)]
(16, 16)  :  *(2.56963110604157, 21.75421217980878)*[(0, 0), (4, 4), (8, 8), (12, 12), (16, 16), (20, 20), (24, 24)]
(16, 16)  :  *(4.650804856065607, 19.47357227674714)*[(0, 0), (4, 4), (8, 8), (12, 12), (16, 16), (20, 20), (24, 24)]
(16, 16)  :  *(4.782224007840464, 16.389219295769195)*[(0, 0), (4, 4), (8, 8), (12, 12), (16, 16), (20, 20), (24, 24)]
(16, 16)  :  *(7.734555797228211, 18.653058419728197)*[(0, 0), (4, 4), (8, 8), (12, 12), (16, 16), (20, 20), (24, 24)]
(16, 16)  :  *(5.547160592740389, 18.71738199660632)*[(0, 0), (4, 4), (8, 8), (12, 12), (16, 16), (20, 20), (24, 24)]
(16, 16)  :  *(1.4250943084136503, 19.25713118068896)*[(0, 0), (4, 4), (8, 8), (12, 12), (16, 16), (20, 20), (24, 24)]
(16, 16)  :  *(5.5215201072896765, 18.479565639763347)*[(0, 0), (4, 4), (8, 8), (12, 12), (16, 16), (20, 20), (24, 24)]
(16, 16)  :  *(1.5822198414564292, 22.89370966108632)*[(0, 0), (4, 4), (8, 8), (12, 12), (16, 16), (20, 20), (24, 24)]
(16, 16)  :  *(8.547907713652755, 17.825097213310205)*[(0, 0), (4, 4), (8, 8), (12, 12), (16, 16), (20, 20), (24, 24)]
(16, 16)  :  *(6.085908135903024, 16.916954177444776)*[(0, 0), (4, 4), (8, 8), (12, 12), (16, 16), (20, 20), (24, 24)]
(16, 16)  :  *(3.0274876541591156, 19.304313264460625)*[(0, 0), (4, 4), (8, 8), (12, 12), (16, 16), (20, 20), (24, 24)]
(16, 16)  :  *(6.049472792458123, 16.08782658969148)*[(0, 0), (4, 4), (8, 8), (12, 12), (16, 16), (20, 20), (24, 24)]
(16, 16)  :  *(6.346632773677106, 18.480361393513412)*[(0, 0), (4, 4), (8, 8), (12, 12), (16, 16), (20, 20), (24, 24)]
(16, 16)  :  *(1.314779722969125, 20.19855832573807)*[(0, 0), (4, 4), (8, 8), (12, 12), (16, 16), (20, 20), (24, 24)]
(16, 16)  :  *(7.042604967430444, 18.3520150360761)*[(0, 0), (4, 4), (8, 8), (12, 12), (16, 16), (20, 20), (24, 24)]
(16, 16)  :  *(6.812722432213151, 16.323848136889534)*[(0, 0), (4, 4), (8, 8), (12, 12), (16, 16), (20, 20), (24, 24)]
(16, 16)  :  *(4.959696652484115, 17.480387606614705)*[(0, 0), (4, 4), (8, 8), (12, 12), (16, 16), (20, 20), (24, 24)]
(16, 16)  :  *(3.0944994397873127, 20.075837298880337)*[(0, 0), (4, 4), (8, 8), (12, 12), (16, 16), (20, 20), (24, 24)]
(16, 16)  :  *(8.205216019409038, 22.139251861760382)*[(0, 0), (4, 4), (8, 8), (12, 12), (16, 16), (20, 20), (24, 24)]
(16, 16)  :  *(1.1638704988804183, 17.294734645911586)*[(0, 0), (4, 4), (8, 8), (12, 12), (16, 16), (20, 20), (24, 24)]
(16, 16)  :  *(8.979454905109476, 20.112100082402034)*[(0, 0), (4, 4), (8, 8), (12, 12), (16, 16), (20, 20), (24, 24)]
(16, 16)  :  *(1.564005331865912, 18.33065269719216)*[(0, 0), (4, 4), (8, 8), (12, 12), (16, 16), (20, 20), (24, 24)]
(16, 16)  :  *(1.7649522329988598, 22.30544904142105)*[(0, 0), (4, 4), (8, 8), (12, 12), (16, 16), (20, 20), (24, 24)]
(16, 16)  :  *(9.980252364009758, 20.402129159542906)*[(0, 0), (4, 4), (8, 8), (12, 12), (16, 16), (20, 20), (24, 24)]
(16, 16)  :  *(3.9488438224306046, 21.329703425038037)*[(0, 0), (4, 4), (8, 8), (12, 12), (16, 16), (20, 20), (24, 24)]
(16, 16)  :  *(1.2263419972264666, 18.569981150848257)*[(0, 0), (4, 4), (8, 8), (12, 12), (16, 16), (20, 20), (24, 24)]
(16, 16)  :  *(3.3754981768031964, 21.632813467343322)*[(0, 0), (4, 4), (8, 8), (12, 12), (16, 16), (20, 20), (24, 24)]
(16, 16)  :  *(1.965776547144763, 23.34828703926395)*[(0, 0), (4, 4), (8, 8), (12, 12), (16, 16), (20, 20), (24, 24)]
(16, 16)  :  *(0.061121108976393, 19.874645611468914)*[(0, 0), (4, 4), (8, 8), (12, 12), (16, 16), (20, 20), (24, 24)]
(16, 16)  :  *(2.486195852018361, 20.711360089108737)*[(0, 0), (4, 4), (8, 8), (12, 12), (16, 16), (20, 20), (24, 24)]
(16, 16)  :  *(2.83191717019869, 19.50253647242891)*[(0, 0), (4, 4), (8, 8), (12, 12), (16, 16), (20, 20), (24, 24)]
(16, 16)  :  *(4.63332621138957, 24.715368583010488)*[(0, 0), (4, 4), (8, 8), (12, 12), (16, 16), (20, 20), (24, 24)]
(16, 16)  :  *(2.831713720884573, 23.86102744453231)*[(0, 0), (4, 4), (8, 8), (12, 12), (16, 16), (20, 20), (24, 24)]
(16, 16)  :  *(7.042475520721863, 17.045775581031954)*[(0, 0), (4, 4), (8, 8), (12, 12), (16, 16), (20, 20), (24, 24)]
(16, 16)  :  *(9.243125735010432, 17.394847270034514)*[(0, 0), (4, 4), (8, 8), (12, 12), (16, 16), (20, 20), (24, 24)]
(16, 16)  :  *(5.829528312757248, 19.96132733750919)*[(0, 0), (4, 4), (8, 8), (12, 12), (16, 16), (20, 20), (24, 24)]
(16, 16)  :  *(2.849885472104332, 18.36816231364768)*[(0, 0), (4, 4), (8, 8), (12, 12), (16, 16), (20, 20), (24, 24)]
(16, 16)  :  *(3.046451077848671, 15.534353702374194)*[(0, 0), (4, 4), (8, 8), (12, 12), (16, 16), (20, 20), (24, 24)]
(16, 16)  :  *(8.016255042948634, 16.069248546520722)*[(0, 0), (4, 4), (8, 8), (12, 12), (16, 16), (20, 20), (24, 24)]
(16, 16)  :  *(5.465693514260024, 22.80660609385827)*[(0, 0), (4, 4), (8, 8), (12, 12), (16, 16), (20, 20), (24, 24)]
(16, 16)  :  *(1.1291671035479933, 18.833302421655368)*[(0, 0), (4, 4), (8, 8), (12, 12), (16, 16), (20, 20), (24, 24)]
(16, 16)  :  *(3.438875636129297, 18.118299946166186)*[(0, 0), (4, 4), (8, 8), (12, 12), (16, 16), (20, 20), (24, 24)]
(16, 16)  :  *(5.789743691595789, 17.173329926254876)*[(0, 0), (4, 4), (8, 8), (12, 12), (16, 16), (20, 20), (24, 24)]
(16, 16)  :  *(2.6027776617441023, 23.209946808000577)*[(0, 0), (4, 4), (8, 8), (12, 12), (16, 16), (20, 20), (24, 24)]
(16, 16)  :  *(8.369927165341531, 20.769302020362122)*[(0, 0), (4, 4), (8, 8), (12, 12), (16, 16), (20, 20), (24, 24)]
(16, 16)  :  *(6.953287742001292, 22.97401140141085)*[(0, 0), (4, 4), (8, 8), (12, 12), (16, 16), (20, 20), (24, 24)]
(16, 16)  :  *(1.0849872918527514, 17.67825133285599)*[(0, 0), (4, 4), (8, 8), (12, 12), (16, 16), (20, 20), (24, 24)]
(16, 16)  :  *(1.506877512396062, 20.535270265882808)*[(0, 0), (4, 4), (8, 8), (12, 12), (16, 16), (20, 20), (24, 24)]
(16, 16)  :  *(3.6447510312366793, 21.528102125725816)*[(0, 0), (4, 4), (8, 8), (12, 12), (16, 16), (20, 20), (24, 24)]
(16, 16)  :  *(9.034788587336656, 22.597149954701326)*[(0, 0), (4, 4), (8, 8), (12, 12), (16, 16), (20, 20), (24, 24)]
(16, 16)  :  *(3.0662497919380014, 15.73719502634907)*[(0, 0), (4, 4), (8, 8), (12, 12), (16, 16), (20, 20), (24, 24)]
(16, 16)  :  *(8.159557081114961, 19.817601500580867)*[(0, 0), (4, 4), (8, 8), (12, 12), (16, 16), (20, 20), (24, 24)]
(16, 16)  :  *(2.939134529678281, 22.85326034636622)*[(0, 0), (4, 4), (8, 8), (12, 12), (16, 16), (20, 20), (24, 24)]
(16, 16)  :  *(3.452463905261114, 15.704487628149352)*[(0, 0), (4, 4), (8, 8), (12, 12), (16, 16), (20, 20), (24, 24)]
(16, 16)  :  *(1.1847815483547797, 19.724371652293613)*[(0, 0), (4, 4), (8, 8), (12, 12), (16, 16), (20, 20), (24, 24)]
(16, 16)  :  *(0.6229259196155268, 21.006756177981863)*[(0, 0), (4, 4), (8, 8), (12, 12), (16, 16), (20, 20), (24, 24)]
(16, 16)  :  *(3.2425794586472034, 20.472712192876354)*[(0, 0), (4, 4), (8, 8), (12, 12), (16, 16), (20, 20), (24, 24)]
(16, 16)  :  *(7.87283523836257, 20.038155157141997)*[(0, 0), (4, 4), (8, 8), (12, 12), (16, 16), (20, 20), (24, 24)]
(20, 20)  :  *(15.172043533385345, 17.843028267349712)*[(0, 0), (4, 4), (8, 8), (12, 12), (16, 16), (20, 20), (24, 24)]
(20, 20)  :  *(17.828063947700137, 19.970771891064487)*[(0, 0), (4, 4), (8, 8), (12, 12), (16, 16), (20, 20), (24, 24)]
(20, 20)  :  *(12.936451089578128, 19.862570012621802)*[(0, 0), (4, 4), (8, 8), (12, 12), (16, 16), (20, 20), (24, 24)]
(20, 20)  :  *(13.514218916327895, 20.995794345268532)*[(0, 0), (4, 4), (8, 8), (12, 12), (16, 16), (20, 20), (24, 24)]
(20, 20)  :  *(14.200282070424336, 20.765705852850964)*[(0, 0), (4, 4), (8, 8), (12, 12), (16, 16), (20, 20), (24, 24)]
(20, 20)  :  *(13.838062052042687, 17.773208852628436)*[(0, 0), (4, 4), (8, 8), (12, 12), (16, 16), (20, 20), (24, 24)]
(20, 20)  :  *(13.634925274204242, 19.2753907322288)*[(0, 0), (4, 4), (8, 8), (12, 12), (16, 16), (20, 20), (24, 24)]
(20, 20)  :  *(16.84425826283749, 20.43745846566484)*[(0, 0), (4, 4), (8, 8), (12, 12), (16, 16), (20, 20), (24, 24)]
(20, 20)  :  *(14.125746102674231, 22.01464480473667)*[(0, 0), (4, 4), (8, 8), (12, 12), (16, 16), (20, 20), (24, 24)]
(20, 20)  :  *(13.576887347758369, 21.005770462803923)*[(0, 0), (4, 4), (8, 8), (12, 12), (16, 16), (20, 20), (24, 24)]
(20, 20)  :  *(12.900962660104698, 21.216437695047883)*[(0, 0), (4, 4), (8, 8), (12, 12), (16, 16), (20, 20), (24, 24)]
(20, 20)  :  *(12.12988140198488, 20.17848132802076)*[(0, 0), (4, 4), (8, 8), (12, 12), (16, 16), (20, 20), (24, 24)]
(20, 20)  :  *(15.367300256926308, 22.831600924459302)*[(0, 0), (4, 4), (8, 8), (12, 12), (16, 16), (20, 20), (24, 24)]
(20, 20)  :  *(13.928910357869249, 19.536376039770932)*[(0, 0), (4, 4), (8, 8), (12, 12), (16, 16), (20, 20), (24, 24)]
(20, 20)  :  *(13.523665238958651, 17.90691059908302)*[(0, 0), (4, 4), (8, 8), (12, 12), (16, 16), (20, 20), (24, 24)]
(20, 20)  :  *(17.788381324454086, 19.45581156983906)*[(0, 0), (4, 4), (8, 8), (12, 12), (16, 16), (20, 20), (24, 24)]
(20, 20)  :  *(13.212402176575909, 21.17089322123742)*[(0, 0), (4, 4), (8, 8), (12, 12), (16, 16), (20, 20), (24, 24)]
(20, 20)  :  *(16.77177382715131, 18.49404070975386)*[(0, 0), (4, 4), (8, 8), (12, 12), (16, 16), (20, 20), (24, 24)]
(20, 20)  :  *(13.203497656888397, 18.602223839375377)*[(0, 0), (4, 4), (8, 8), (12, 12), (16, 16), (20, 20), (24, 24)]
(20, 20)  :  *(16.59750252939257, 17.77910499726106)*[(0, 0), (4, 4), (8, 8), (12, 12), (16, 16), (20, 20), (24, 24)]
(20, 20)  :  *(15.270819689021653, 22.457166467885948)*[(0, 0), (4, 4), (8, 8), (12, 12), (16, 16), (20, 20), (24, 24)]
(20, 20)  :  *(15.524319071448726, 19.97299338494702)*[(0, 0), (4, 4), (8, 8), (12, 12), (16, 16), (20, 20), (24, 24)]
(20, 20)  :  *(15.510718439031319, 19.147266319776598)*[(0, 0), (4, 4), (8, 8), (12, 12), (16, 16), (20, 20), (24, 24)]
(20, 20)  :  *(16.602653514074785, 19.856287943259762)*[(0, 0), (4, 4), (8, 8), (12, 12), (16, 16), (20, 20), (24, 24)]
(20, 20)  :  *(14.086242836440993, 19.12694362335345)*[(0, 0), (4, 4), (8, 8), (12, 12), (16, 16), (20, 20), (24, 24)]
(20, 20)  :  *(12.086655908142124, 20.242930546696567)*[(0, 0), (4, 4), (8, 8), (12, 12), (16, 16), (20, 20), (24, 24)]
(20, 20)  :  *(16.05436620781606, 20.365601945680456)*[(0, 0), (4, 4), (8, 8), (12, 12), (16, 16), (20, 20), (24, 24)]
(20, 20)  :  *(12.487302800463326, 21.61771900861545)*[(0, 0), (4, 4), (8, 8), (12, 12), (16, 16), (20, 20), (24, 24)]
(20, 20)  :  *(16.865532412749268, 21.074880270434377)*[(0, 0), (4, 4), (8, 8), (12, 12), (16, 16), (20, 20), (24, 24)]
(20, 20)  :  *(13.546676634439727, 17.948581429693327)*[(0, 0), (4, 4), (8, 8), (12, 12), (16, 16), (20, 20), (24, 24)]
(20, 20)  :  *(17.391775546218476, 19.313627378394127)*[(0, 0), (4, 4), (8, 8), (12, 12), (16, 16), (20, 20), (24, 24)]
(20, 20)  :  *(12.295933804042704, 20.10642265169529)*[(0, 0), (4, 4), (8, 8), (12, 12), (16, 16), (20, 20), (24, 24)]
(20, 20)  :  *(13.332951581661504, 20.251446014592418)*[(0, 0), (4, 4), (8, 8), (12, 12), (16, 16), (20, 20), (24, 24)]
(20, 20)  :  *(13.422925012173451, 21.604661859526864)*[(0, 0), (4, 4), (8, 8), (12, 12), (16, 16), (20, 20), (24, 24)]
(20, 20)  :  *(12.76892167682752, 20.589067427453294)*[(0, 0), (4, 4), (8, 8), (12, 12), (16, 16), (20, 20), (24, 24)]
(20, 20)  :  *(16.874742058583003, 21.41769247038999)*[(0, 0), (4, 4), (8, 8), (12, 12), (16, 16), (20, 20), (24, 24)]
(20, 20)  :  *(14.9682743096492, 18.744793593878622)*[(0, 0), (4, 4), (8, 8), (12, 12), (16, 16), (20, 20), (24, 24)]
(20, 20)  :  *(15.41494385850502, 21.80684173155282)*[(0, 0), (4, 4), (8, 8), (12, 12), (16, 16), (20, 20), (24, 24)]
(20, 20)  :  *(12.819225395398393, 18.870618610471148)*[(0, 0), (4, 4), (8, 8), (12, 12), (16, 16), (20, 20), (24, 24)]
(20, 20)  :  *(17.785586779670663, 20.877234022903536)*[(0, 0), (4, 4), (8, 8), (12, 12), (16, 16), (20, 20), (24, 24)]
(20, 20)  :  *(16.284438598375278, 17.69299853269836)*[(0, 0), (4, 4), (8, 8), (12, 12), (16, 16), (20, 20), (24, 24)]
(20, 20)  :  *(12.89171248333461, 20.03407013166236)*[(0, 0), (4, 4), (8, 8), (12, 12), (16, 16), (20, 20), (24, 24)]
(20, 20)  :  *(13.781988397703085, 21.302193706787335)*[(0, 0), (4, 4), (8, 8), (12, 12), (16, 16), (20, 20), (24, 24)]
(20, 20)  :  *(14.898216286677577, 18.197273431688004)*[(0, 0), (4, 4), (8, 8), (12, 12), (16, 16), (20, 20), (24, 24)]
(20, 20)  :  *(14.046776192571523, 18.959829289273337)*[(0, 0), (4, 4), (8, 8), (12, 12), (16, 16), (20, 20), (24, 24)]
(20, 20)  :  *(17.928125318834972, 20.284172255461954)*[(0, 0), (4, 4), (8, 8), (12, 12), (16, 16), (20, 20), (24, 24)]
(20, 20)  :  *(15.447071727738862, 20.834526694345993)*[(0, 0), (4, 4), (8, 8), (12, 12), (16, 16), (20, 20), (24, 24)]
(20, 20)  :  *(13.80047756217784, 21.54901873936167)*[(0, 0), (4, 4), (8, 8), (12, 12), (16, 16), (20, 20), (24, 24)]
(20, 20)  :  *(13.027114216395887, 18.645200164425273)*[(0, 0), (4, 4), (8, 8), (12, 12), (16, 16), (20, 20), (24, 24)]
(20, 20)  :  *(15.353977561476556, 17.095668423586584)*[(0, 0), (4, 4), (8, 8), (12, 12), (16, 16), (20, 20), (24, 24)]
(20, 20)  :  *(13.9116958542113, 19.751158720547252)*[(0, 0), (4, 4), (8, 8), (12, 12), (16, 16), (20, 20), (24, 24)]
(20, 20)  :  *(15.789087443283186, 21.989893409716167)*[(0, 0), (4, 4), (8, 8), (12, 12), (16, 16), (20, 20), (24, 24)]
(20, 20)  :  *(14.027053690767866, 19.91524802163582)*[(0, 0), (4, 4), (8, 8), (12, 12), (16, 16), (20, 20), (24, 24)]
(20, 20)  :  *(17.25891428332556, 20.95185587881414)*[(0, 0), (4, 4), (8, 8), (12, 12), (16, 16), (20, 20), (24, 24)]
(20, 20)  :  *(14.824788765564834, 21.19451106470585)*[(0, 0), (4, 4), (8, 8), (12, 12), (16, 16), (20, 20), (24, 24)]
(20, 20)  :  *(13.89649665332886, 21.81400267221719)*[(0, 0), (4, 4), (8, 8), (12, 12), (16, 16), (20, 20), (24, 24)]
(20, 20)  :  *(12.474789124027149, 18.808432722712073)*[(0, 0), (4, 4), (8, 8), (12, 12), (16, 16), (20, 20), (24, 24)]
(20, 20)  :  *(12.263350460040403, 20.811032123956334)*[(0, 0), (4, 4), (8, 8), (12, 12), (16, 16), (20, 20), (24, 24)]
(20, 20)  :  *(16.432404134189632, 18.906327280988034)*[(0, 0), (4, 4), (8, 8), (12, 12), (16, 16), (20, 20), (24, 24)]
(20, 20)  :  *(16.429913122511685, 21.727235353612564)*[(0, 0), (4, 4), (8, 8), (12, 12), (16, 16), (20, 20), (24, 24)]
(20, 20)  :  *(16.79990752390656, 17.731942695340653)*[(0, 0), (4, 4), (8, 8), (12, 12), (16, 16), (20, 20), (24, 24)]
(20, 20)  :  *(12.506999492565088, 19.135582114095474)*[(0, 0), (4, 4), (8, 8), (12, 12), (16, 16), (20, 20), (24, 24)]
(20, 20)  :  *(14.49782823444669, 22.836788119989958)*[(0, 0), (4, 4), (8, 8), (12, 12), (16, 16), (20, 20), (24, 24)]
(20, 20)  :  *(14.113080026068733, 22.42169654770004)*[(0, 0), (4, 4), (8, 8), (12, 12), (16, 16), (20, 20), (24, 24)]
(20, 20)  :  *(12.888938819149669, 20.093872307458547)*[(0, 0), (4, 4), (8, 8), (12, 12), (16, 16), (20, 20), (24, 24)]
(20, 20)  :  *(13.71136692609313, 21.846269435673083)*[(0, 0), (4, 4), (8, 8), (12, 12), (16, 16), (20, 20), (24, 24)]
(20, 20)  :  *(17.84356228069757, 19.296303162072174)*[(0, 0), (4, 4), (8, 8), (12, 12), (16, 16), (20, 20), (24, 24)]
(20, 20)  :  *(17.513454745848563, 19.901851302081432)*[(0, 0), (4, 4), (8, 8), (12, 12), (16, 16), (20, 20), (24, 24)]
(20, 20)  :  *(12.744934583633443, 18.09993656113145)*[(0, 0), (4, 4), (8, 8), (12, 12), (16, 16), (20, 20), (24, 24)]
(20, 20)  :  *(16.46483469928829, 21.871306455053254)*[(0, 0), (4, 4), (8, 8), (12, 12), (16, 16), (20, 20), (24, 24)]
(20, 20)  :  *(14.411454033404501, 18.62625857007476)*[(0, 0), (4, 4), (8, 8), (12, 12), (16, 16), (20, 20), (24, 24)]
(20, 20)  :  *(16.925219654793423, 21.837566387842596)*[(0, 0), (4, 4), (8, 8), (12, 12), (16, 16), (20, 20), (24, 24)]
(20, 20)  :  *(12.542367349421905, 18.560620994956114)*[(0, 0), (4, 4), (8, 8), (12, 12), (16, 16), (20, 20), (24, 24)]
(20, 20)  :  *(15.125570750122382, 18.086584612423685)*[(0, 0), (4, 4), (8, 8), (12, 12), (16, 16), (20, 20), (24, 24)]
(20, 20)  :  *(14.56609048515865, 17.548319324229112)*[(0, 0), (4, 4), (8, 8), (12, 12), (16, 16), (20, 20), (24, 24)]
(20, 20)  :  *(16.302944507226524, 19.20047188885897)*[(0, 0), (4, 4), (8, 8), (12, 12), (16, 16), (20, 20), (24, 24)]
(20, 20)  :  *(13.147561547243708, 18.623462365256582)*[(0, 0), (4, 4), (8, 8), (12, 12), (16, 16), (20, 20), (24, 24)]
(20, 20)  :  *(16.303910071126996, 18.96888433686095)*[(0, 0), (4, 4), (8, 8), (12, 12), (16, 16), (20, 20), (24, 24)]
(20, 20)  :  *(14.901610693528632, 17.35839689050567)*[(0, 0), (4, 4), (8, 8), (12, 12), (16, 16), (20, 20), (24, 24)]
(20, 20)  :  *(17.839543517914223, 19.498636428914505)*[(0, 0), (4, 4), (8, 8), (12, 12), (16, 16), (20, 20), (24, 24)]
(20, 20)  :  *(16.115504114290573, 18.371337896233722)*[(0, 0), (4, 4), (8, 8), (12, 12), (16, 16), (20, 20), (24, 24)]
(20, 20)  :  *(17.74591627142324, 19.294989978317233)*[(0, 0), (4, 4), (8, 8), (12, 12), (16, 16), (20, 20), (24, 24)]
(20, 20)  :  *(12.362764356717202, 19.07906106371935)*[(0, 0), (4, 4), (8, 8), (12, 12), (16, 16), (20, 20), (24, 24)]
(20, 20)  :  *(12.927745314436818, 18.90248034745107)*[(0, 0), (4, 4), (8, 8), (12, 12), (16, 16), (20, 20), (24, 24)]
(20, 20)  :  *(15.42878367137451, 19.827548014808404)*[(0, 0), (4, 4), (8, 8), (12, 12), (16, 16), (20, 20), (24, 24)]
(20, 20)  :  *(14.671053517326117, 22.22299236190492)*[(0, 0), (4, 4), (8, 8), (12, 12), (16, 16), (20, 20), (24, 24)]
(20, 20)  :  *(17.733933122891855, 20.011622975327775)*[(0, 0), (4, 4), (8, 8), (12, 12), (16, 16), (20, 20), (24, 24)]
(20, 20)  :  *(12.795055253270437, 21.459609407288802)*[(0, 0), (4, 4), (8, 8), (12, 12), (16, 16), (20, 20), (24, 24)]
(20, 20)  :  *(16.079750137548736, 18.138372236352513)*[(0, 0), (4, 4), (8, 8), (12, 12), (16, 16), (20, 20), (24, 24)]
(20, 20)  :  *(17.508921470664262, 20.4336042607095)*[(0, 0), (4, 4), (8, 8), (12, 12), (16, 16), (20, 20), (24, 24)]
(20, 20)  :  *(16.977793093084582, 19.788002194605113)*[(0, 0), (4, 4), (8, 8), (12, 12), (16, 16), (20, 20), (24, 24)]
(20, 20)  :  *(14.102155408762487, 21.758139087616666)*[(0, 0), (4, 4), (8, 8), (12, 12), (16, 16), (20, 20), (24, 24)]
(20, 20)  :  *(17.547720732324326, 19.90681883994107)*[(0, 0), (4, 4), (8, 8), (12, 12), (16, 16), (20, 20), (24, 24)]
(20, 20)  :  *(12.38163644388299, 20.68755749946669)*[(0, 0), (4, 4), (8, 8), (12, 12), (16, 16), (20, 20), (24, 24)]
(20, 20)  :  *(16.259618636449012, 21.029307058944838)*[(0, 0), (4, 4), (8, 8), (12, 12), (16, 16), (20, 20), (24, 24)]
(20, 20)  :  *(14.814132431118361, 20.48528513068615)*[(0, 0), (4, 4), (8, 8), (12, 12), (16, 16), (20, 20), (24, 24)]
(20, 20)  :  *(15.23822349469383, 20.884425135837116)*[(0, 0), (4, 4), (8, 8), (12, 12), (16, 16), (20, 20), (24, 24)]
(20, 20)  :  *(14.801399323876858, 18.400821161706407)*[(0, 0), (4, 4), (8, 8), (12, 12), (16, 16), (20, 20), (24, 24)]
(20, 20)  :  *(12.527290451394824, 18.465955719244313)*[(0, 0), (4, 4), (8, 8), (12, 12), (16, 16), (20, 20), (24, 24)]
(20, 20)  :  *(12.55579180148111, 19.628535017416866)*[(0, 0), (4, 4), (8, 8), (12, 12), (16, 16), (20, 20), (24, 24)]
