(0.036197254944930084, 0.046828085872469546) :  (-0.002358607860838857, 0.8689574705820353)*[(0.036197254944930084, 0.046828085872469546), (4.976895814312145, 20.181802767103683), (9.812938727395085, 10.304688738483657), (15.166874736549117, 19.974445965805238), (9.814027873113746, 2.0129716200148398), (19.98310207486375, 9.930641662801769), (2.8813514718353774, 4.939388865621924)]
(0.036197254944930084, 0.046828085872469546) :  (-0.005977230659624411, 0.6039520220217679)*[(0.036197254944930084, 0.046828085872469546), (4.976895814312145, 20.181802767103683), (9.812938727395085, 10.304688738483657), (15.166874736549117, 19.974445965805238), (9.814027873113746, 2.0129716200148398), (19.98310207486375, 9.930641662801769), (2.8813514718353774, 4.939388865621924)]
(0.036197254944930084, 0.046828085872469546) :  (-0.01673231373356243, -0.3508300869195706)*[(0.036197254944930084, 0.046828085872469546), (4.976895814312145, 20.181802767103683), (9.812938727395085, 10.304688738483657), (15.166874736549117, 19.974445965805238), (9.814027873113746, 2.0129716200148398), (19.98310207486375, 9.930641662801769), (2.8813514718353774, 4.939388865621924)]
(0.036197254944930084, 0.046828085872469546) :  (-0.028692544144124144, -0.21996704801302247)*[(0.036197254944930084, 0.046828085872469546), (4.976895814312145, 20.181802767103683), (9.812938727395085, 10.304688738483657), (15.166874736549117, 19.974445965805238), (9.814027873113746, 2.0129716200148398), (19.98310207486375, 9.930641662801769), (2.8813514718353774, 4.939388865621924)]
(0.036197254944930084, 0.046828085872469546) :  (-0.04397690562438372, -0.3607405530425928)*[(0.036197254944930084, 0.046828085872469546), (4.976895814312145, 20.181802767103683), (9.812938727395085, 10.304688738483657), (15.166874736549117, 19.974445965805238), (9.814027873113746, 2.0129716200148398), (19.98310207486375, 9.930641662801769), (2.8813514718353774, 4.939388865621924)]
(0.036197254944930084, 0.046828085872469546) :  (-0.07046530890724778, 0.9184711316231834)*[(0.036197254944930084, 0.046828085872469546), (4.976895814312145, 20.181802767103683), (9.812938727395085, 10.304688738483657), (15.166874736549117, 19.974445965805238), (9.814027873113746, 2.0129716200148398), (19.98310207486375, 9.930641662801769), (2.8813514718353774, 4.939388865621924)]
(0.036197254944930084, 0.046828085872469546) :  (-0.07619702994583988, -0.8751860238192491)*[(0.036197254944930084, 0.046828085872469546), (4.976895814312145, 20.181802767103683), (9.812938727395085, 10.304688738483657), (15.166874736549117, 19.974445965805238), (9.814027873113746, 2.0129716200148398), (19.98310207486375, 9.930641662801769), (2.8813514718353774, 4.939388865621924)]
(0.036197254944930084, 0.046828085872469546) :  (-0.08423553114172044, -0.8650133416174548)*[(0.036197254944930084, 0.046828085872469546), (4.976895814312145, 20.181802767103683), (9.812938727395085, 10.304688738483657), (15.166874736549117, 19.974445965805238), (9.814027873113746, 2.0129716200148398), (19.98310207486375, 9.930641662801769), (2.8813514718353774, 4.939388865621924)]
(0.036197254944930084, 0.046828085872469546) :  (-0.09181012142773559, 0.35421835589930006)*[(0.036197254944930084, 0.046828085872469546), (4.976895814312145, 20.181802767103683), (9.812938727395085, 10.304688738483657), (15.166874736549117, 19.974445965805238), (9.814027873113746, 2.0129716200148398), (19.98310207486375, 9.930641662801769), (2.8813514718353774, 4.939388865621924)]
(0.036197254944930084, 0.046828085872469546) :  (-0.09186155584097877, 0.12503960382732815)*[(0.036197254944930084, 0.046828085872469546), (4.976895814312145, 20.181802767103683), (9.812938727395085, 10.304688738483657), (15.166874736549117, 19.974445965805238), (9.814027873113746, 2.0129716200148398), (19.98310207486375, 9.930641662801769), (2.8813514718353774, 4.939388865621924)]
(0.036197254944930084, 0.046828085872469546) :  (-0.09192575614084464, 0.0726253419218249)*[(0.036197254944930084, 0.046828085872469546), (4.976895814312145, 20.181802767103683), (9.812938727395085, 10.304688738483657), (15.166874736549117, 19.974445965805238), (9.814027873113746, 2.0129716200148398), (19.98310207486375, 9.930641662801769), (2.8813514718353774, 4.939388865621924)]
(0.036197254944930084, 0.046828085872469546) :  (-0.10453281851445717, 0.7251892306284349)*[(0.036197254944930084, 0.046828085872469546), (4.976895814312145, 20.181802767103683), (9.812938727395085, 10.304688738483657), (15.166874736549117, 19.974445965805238), (9.814027873113746, 2.0129716200148398), (19.98310207486375, 9.930641662801769), (2.8813514718353774, 4.939388865621924)]
(0.036197254944930084, 0.046828085872469546) :  (-0.11316199860296061, -0.4408763122553645)*[(0.036197254944930084, 0.046828085872469546), (4.976895814312145, 20.181802767103683), (9.812938727395085, 10.304688738483657), (15.166874736549117, 19.974445965805238), (9.814027873113746, 2.0129716200148398), (19.98310207486375, 9.930641662801769), (2.8813514718353774, 4.939388865621924)]
(0.036197254944930084, 0.046828085872469546) :  (-0.13297335662843923, 0.9681092341599845)*[(0.036197254944930084, 0.046828085872469546), (4.976895814312145, 20.181802767103683), (9.812938727395085, 10.304688738483657), (15.166874736549117, 19.974445965805238), (9.814027873113746, 2.0129716200148398), (19.98310207486375, 9.930641662801769), (2.8813514718353774, 4.939388865621924)]
(0.036197254944930084, 0.046828085872469546) :  (-0.15049662770606353, 0.4897795981073809)*[(0.036197254944930084, 0.046828085872469546), (4.976895814312145, 20.181802767103683), (9.812938727395085, 10.304688738483657), (15.166874736549117, 19.974445965805238), (9.814027873113746, 2.0129716200148398), (19.98310207486375, 9.930641662801769), (2.8813514718353774, 4.939388865621924)]
(0.036197254944930084, 0.046828085872469546) :  (-0.15106698651580897, -0.17271428896415097)*[(0.036197254944930084, 0.046828085872469546), (4.976895814312145, 20.181802767103683), (9.812938727395085, 10.304688738483657), (15.166874736549117, 19.974445965805238), (9.814027873113746, 2.0129716200148398), (19.98310207486375, 9.930641662801769), (2.8813514718353774, 4.939388865621924)]
(0.036197254944930084, 0.046828085872469546) :  (-0.1819927209522023, 0.6062918366860942)*[(0.036197254944930084, 0.046828085872469546), (4.976895814312145, 20.181802767103683), (9.812938727395085, 10.304688738483657), (15.166874736549117, 19.974445965805238), (9.814027873113746, 2.0129716200148398), (19.98310207486375, 9.930641662801769), (2.8813514718353774, 4.939388865621924)]
(0.036197254944930084, 0.046828085872469546) :  (-0.1936006960061183, 0.7651665886751327)*[(0.036197254944930084, 0.046828085872469546), (4.976895814312145, 20.181802767103683), (9.812938727395085, 10.304688738483657), (15.166874736549117, 19.974445965805238), (9.814027873113746, 2.0129716200148398), (19.98310207486375, 9.930641662801769), (2.8813514718353774, 4.939388865621924)]
(0.036197254944930084, 0.046828085872469546) :  (-0.1947480756506308, 0.38164170218281845)*[(0.036197254944930084, 0.046828085872469546), (4.976895814312145, 20.181802767103683), (9.812938727395085, 10.304688738483657), (15.166874736549117, 19.974445965805238), (9.814027873113746, 2.0129716200148398), (19.98310207486375, 9.930641662801769), (2.8813514718353774, 4.939388865621924)]
(0.036197254944930084, 0.046828085872469546) :  (-0.2076133149868553, 0.506482833052091)*[(0.036197254944930084, 0.046828085872469546), (4.976895814312145, 20.181802767103683), (9.812938727395085, 10.304688738483657), (15.166874736549117, 19.974445965805238), (9.814027873113746, 2.0129716200148398), (19.98310207486375, 9.930641662801769), (2.8813514718353774, 4.939388865621924)]
(0.036197254944930084, 0.046828085872469546) :  (-0.21916383151974173, -0.6475322944782751)*[(0.036197254944930084, 0.046828085872469546), (4.976895814312145, 20.181802767103683), (9.812938727395085, 10.304688738483657), (15.166874736549117, 19.974445965805238), (9.814027873113746, 2.0129716200148398), (19.98310207486375, 9.930641662801769), (2.8813514718353774, 4.939388865621924)]
(0.036197254944930084, 0.046828085872469546) :  (-0.2322444736483611, -0.6230770304754627)*[(0.036197254944930084, 0.046828085872469546), (4.976895814312145, 20.181802767103683), (9.812938727395085, 10.304688738483657), (15.166874736549117, 19.974445965805238), (9.814027873113746, 2.0129716200148398), (19.98310207486375, 9.930641662801769), (2.8813514718353774, 4.939388865621924)]
(0.036197254944930084, 0.046828085872469546) :  (-0.25308463454720376, -0.26800676796378997)*[(0.036197254944930084, 0.046828085872469546), (4.976895814312145, 20.181802767103683), (9.812938727395085, 10.304688738483657), (15.166874736549117, 19.974445965805238), (9.814027873113746, 2.0129716200148398), (19.98310207486375, 9.930641662801769), (2.8813514718353774, 4.939388865621924)]
(0.036197254944930084, 0.046828085872469546) :  (-0.3029632055194349, 0.04869314432647176)*[(0.036197254944930084, 0.046828085872469546), (4.976895814312145, 20.181802767103683), (9.812938727395085, 10.304688738483657), (15.166874736549117, 19.974445965805238), (9.814027873113746, 2.0129716200148398), (19.98310207486375, 9.930641662801769), (2.8813514718353774, 4.939388865621924)]
(0.036197254944930084, 0.046828085872469546) :  (-0.30484717297350716, 0.40183508190198425)*[(0.036197254944930084, 0.046828085872469546), (4.976895814312145, 20.181802767103683), (9.812938727395085, 10.304688738483657), (15.166874736549117, 19.974445965805238), (9.814027873113746, 2.0129716200148398), (19.98310207486375, 9.930641662801769), (2.8813514718353774, 4.939388865621924)]
(0.036197254944930084, 0.046828085872469546) :  (-0.402487285573639, 0.1847552633892917)*[(0.036197254944930084, 0.046828085872469546), (4.976895814312145, 20.181802767103683), (9.812938727395085, 10.304688738483657), (15.166874736549117, 19.974445965805238), (9.814027873113746, 2.0129716200148398), (19.98310207486375, 9.930641662801769), (2.8813514718353774, 4.939388865621924)]
(0.036197254944930084, 0.046828085872469546) :  (-0.4096177329703379, -0.3626450350642062)*[(0.036197254944930084, 0.046828085872469546), (4.976895814312145, 20.181802767103683), (9.812938727395085, 10.304688738483657), (15.166874736549117, 19.974445965805238), (9.814027873113746, 2.0129716200148398), (19.98310207486375, 9.930641662801769), (2.8813514718353774, 4.939388865621924)]
(0.036197254944930084, 0.046828085872469546) :  (-0.46671682867183795, -0.25689290128331044)*[(0.036197254944930084, 0.046828085872469546), (4.976895814312145, 20.181802767103683), (9.812938727395085, 10.304688738483657), (15.166874736549117, 19.974445965805238), (9.814027873113746, 2.0129716200148398), (19.98310207486375, 9.930641662801769), (2.8813514718353774, 4.939388865621924)]
(0.036197254944930084, 0.046828085872469546) :  (-0.4977436715321484, -0.15264212474130034)*[(0.036197254944930084, 0.046828085872469546), (4.976895814312145, 20.181802767103683), (9.812938727395085, 10.304688738483657), (15.166874736549117, 19.974445965805238), (9.814027873113746, 2.0129716200148398), (19.98310207486375, 9.930641662801769), (2.8813514718353774, 4.939388865621924)]
(0.036197254944930084, 0.046828085872469546) :  (-0.5058197925635031, -0.6410294013720402)*[(0.036197254944930084, 0.046828085872469546), (4.976895814312145, 20.181802767103683), (9.812938727395085, 10.304688738483657), (15.166874736549117, 19.974445965805238), (9.814027873113746, 2.0129716200148398), (19.98310207486375, 9.930641662801769), (2.8813514718353774, 4.939388865621924)]
(0.036197254944930084, 0.046828085872469546) :  (-0.5201008877413738, -0.19386457834853354)*[(0.036197254944930084, 0.046828085872469546), (4.976895814312145, 20.181802767103683), (9.812938727395085, 10.304688738483657), (15.166874736549117, 19.974445965805238), (9.814027873113746, 2.0129716200148398), (19.98310207486375, 9.930641662801769), (2.8813514718353774, 4.939388865621924)]
(0.036197254944930084, 0.046828085872469546) :  (-0.5232429757944868, -0.6857101725564424)*[(0.036197254944930084, 0.046828085872469546), (4.976895814312145, 20.181802767103683), (9.812938727395085, 10.304688738483657), (15.166874736549117, 19.974445965805238), (9.814027873113746, 2.0129716200148398), (19.98310207486375, 9.930641662801769), (2.8813514718353774, 4.939388865621924)]
(0.036197254944930084, 0.046828085872469546) :  (-0.5239026197000716, -0.7293320616603617)*[(0.036197254944930084, 0.046828085872469546), (4.976895814312145, 20.181802767103683), (9.812938727395085, 10.304688738483657), (15.166874736549117, 19.974445965805238), (9.814027873113746, 2.0129716200148398), (19.98310207486375, 9.930641662801769), (2.8813514718353774, 4.939388865621924)]
(0.036197254944930084, 0.046828085872469546) :  (-0.5555566829790983, 0.6005009604412413)*[(0.036197254944930084, 0.046828085872469546), (4.976895814312145, 20.181802767103683), (9.812938727395085, 10.304688738483657), (15.166874736549117, 19.974445965805238), (9.814027873113746, 2.0129716200148398), (19.98310207486375, 9.930641662801769), (2.8813514718353774, 4.939388865621924)]
(0.036197254944930084, 0.046828085872469546) :  (-0.6295929140564092, 0.08024035853549849)*[(0.036197254944930084, 0.046828085872469546), (4.976895814312145, 20.181802767103683), (9.812938727395085, 10.304688738483657), (15.166874736549117, 19.974445965805238), (9.814027873113746, 2.0129716200148398), (19.98310207486375, 9.930641662801769), (2.8813514718353774, 4.939388865621924)]
(0.036197254944930084, 0.046828085872469546) :  (-0.6443122534351189, -0.7276678483924633)*[(0.036197254944930084, 0.046828085872469546), (4.976895814312145, 20.181802767103683), (9.812938727395085, 10.304688738483657), (15.166874736549117, 19.974445965805238), (9.814027873113746, 2.0129716200148398), (19.98310207486375, 9.930641662801769), (2.8813514718353774, 4.939388865621924)]
(0.036197254944930084, 0.046828085872469546) :  (-0.6616360235948873, 0.35288649624153245)*[(0.036197254944930084, 0.046828085872469546), (4.976895814312145, 20.181802767103683), (9.812938727395085, 10.304688738483657), (15.166874736549117, 19.974445965805238), (9.814027873113746, 2.0129716200148398), (19.98310207486375, 9.930641662801769), (2.8813514718353774, 4.939388865621924)]
(0.036197254944930084, 0.046828085872469546) :  (-0.6625367211271169, 0.7366093771731117)*[(0.036197254944930084, 0.046828085872469546), (4.976895814312145, 20.181802767103683), (9.812938727395085, 10.304688738483657), (15.166874736549117, 19.974445965805238), (9.814027873113746, 2.0129716200148398), (19.98310207486375, 9.930641662801769), (2.8813514718353774, 4.939388865621924)]
(0.036197254944930084, 0.046828085872469546) :  (-0.6689493691438997, 0.444752143306)*[(0.036197254944930084, 0.046828085872469546), (4.976895814312145, 20.181802767103683), (9.812938727395085, 10.304688738483657), (15.166874736549117, 19.974445965805238), (9.814027873113746, 2.0129716200148398), (19.98310207486375, 9.930641662801769), (2.8813514718353774, 4.939388865621924)]
(0.036197254944930084, 0.046828085872469546) :  (-0.6719910663344764, -0.07965863808905838)*[(0.036197254944930084, 0.046828085872469546), (4.976895814312145, 20.181802767103683), (9.812938727395085, 10.304688738483657), (15.166874736549117, 19.974445965805238), (9.814027873113746, 2.0129716200148398), (19.98310207486375, 9.930641662801769), (2.8813514718353774, 4.939388865621924)]
(0.036197254944930084, 0.046828085872469546) :  (-0.7330048604164066, 0.5139673781377725)*[(0.036197254944930084, 0.046828085872469546), (4.976895814312145, 20.181802767103683), (9.812938727395085, 10.304688738483657), (15.166874736549117, 19.974445965805238), (9.814027873113746, 2.0129716200148398), (19.98310207486375, 9.930641662801769), (2.8813514718353774, 4.939388865621924)]
(0.036197254944930084, 0.046828085872469546) :  (-0.7527787241311035, -0.11043098281516328)*[(0.036197254944930084, 0.046828085872469546), (4.976895814312145, 20.181802767103683), (9.812938727395085, 10.304688738483657), (15.166874736549117, 19.974445965805238), (9.814027873113746, 2.0129716200148398), (19.98310207486375, 9.930641662801769), (2.8813514718353774, 4.939388865621924)]
(0.036197254944930084, 0.046828085872469546) :  (-0.7646384361039746, -0.5964535748500096)*[(0.036197254944930084, 0.046828085872469546), (4.976895814312145, 20.181802767103683), (9.812938727395085, 10.304688738483657), (15.166874736549117, 19.974445965805238), (9.814027873113746, 2.0129716200148398), (19.98310207486375, 9.930641662801769), (2.8813514718353774, 4.939388865621924)]
(0.036197254944930084, 0.046828085872469546) :  (-0.7677893428434845, 0.13809219744510293)*[(0.036197254944930084, 0.046828085872469546), (4.976895814312145, 20.181802767103683), (9.812938727395085, 10.304688738483657), (15.166874736549117, 19.974445965805238), (9.814027873113746, 2.0129716200148398), (19.98310207486375, 9.930641662801769), (2.8813514718353774, 4.939388865621924)]
(0.036197254944930084, 0.046828085872469546) :  (-0.7833527185216176, 0.5566925777711133)*[(0.036197254944930084, 0.046828085872469546), (4.976895814312145, 20.181802767103683), (9.812938727395085, 10.304688738483657), (15.166874736549117, 19.974445965805238), (9.814027873113746, 2.0129716200148398), (19.98310207486375, 9.930641662801769), (2.8813514718353774, 4.939388865621924)]
(0.036197254944930084, 0.046828085872469546) :  (-0.8334901614927328, -0.3061383726356848)*[(0.036197254944930084, 0.046828085872469546), (4.976895814312145, 20.181802767103683), (9.812938727395085, 10.304688738483657), (15.166874736549117, 19.974445965805238), (9.814027873113746, 2.0129716200148398), (19.98310207486375, 9.930641662801769), (2.8813514718353774, 4.939388865621924)]
(0.036197254944930084, 0.046828085872469546) :  (-0.8716992215080521, -0.13427837244715796)*[(0.036197254944930084, 0.046828085872469546), (4.976895814312145, 20.181802767103683), (9.812938727395085, 10.304688738483657), (15.166874736549117, 19.974445965805238), (9.814027873113746, 2.0129716200148398), (19.98310207486375, 9.930641662801769), (2.8813514718353774, 4.939388865621924)]
(0.036197254944930084, 0.046828085872469546) :  (-0.9141713268951464, 0.04146770957103335)*[(0.036197254944930084, 0.046828085872469546), (4.976895814312145, 20.181802767103683), (9.812938727395085, 10.304688738483657), (15.166874736549117, 19.974445965805238), (9.814027873113746, 2.0129716200148398), (19.98310207486375, 9.930641662801769), (2.8813514718353774, 4.939388865621924)]
(0.036197254944930084, 0.046828085872469546) :  (-0.9388769417606904, -0.01318559987919199)*[(0.036197254944930084, 0.046828085872469546), (4.976895814312145, 20.181802767103683), (9.812938727395085, 10.304688738483657), (15.166874736549117, 19.974445965805238), (9.814027873113746, 2.0129716200148398), (19.98310207486375, 9.930641662801769), (2.8813514718353774, 4.939388865621924)]
(0.036197254944930084, 0.046828085872469546) :  (-0.9830768316660774, -0.11179413819276451)*[(0.036197254944930084, 0.046828085872469546), (4.976895814312145, 20.181802767103683), (9.812938727395085, 10.304688738483657), (15.166874736549117, 19.974445965805238), (9.814027873113746, 2.0129716200148398), (19.98310207486375, 9.930641662801769), (2.8813514718353774, 4.939388865621924)]
(0.036197254944930084, 0.046828085872469546) :  (-0.9846812526684077, -0.1695432975606326)*[(0.036197254944930084, 0.046828085872469546), (4.976895814312145, 20.181802767103683), (9.812938727395085, 10.304688738483657), (15.166874736549117, 19.974445965805238), (9.814027873113746, 2.0129716200148398), (19.98310207486375, 9.930641662801769), (2.8813514718353774, 4.939388865621924)]
(0.036197254944930084, 0.046828085872469546) :  (0.005693646695645427, 0.2950253215080212)*[(0.036197254944930084, 0.046828085872469546), (4.976895814312145, 20.181802767103683), (9.812938727395085, 10.304688738483657), (15.166874736549117, 19.974445965805238), (9.814027873113746, 2.0129716200148398), (19.98310207486375, 9.930641662801769), (2.8813514718353774, 4.939388865621924)]
(0.036197254944930084, 0.046828085872469546) :  (0.04810899137145275, -0.8048237458332852)*[(0.036197254944930084, 0.046828085872469546), (4.976895814312145, 20.181802767103683), (9.812938727395085, 10.304688738483657), (15.166874736549117, 19.974445965805238), (9.814027873113746, 2.0129716200148398), (19.98310207486375, 9.930641662801769), (2.8813514718353774, 4.939388865621924)]
(0.036197254944930084, 0.046828085872469546) :  (0.0664017934964396, 0.17871370865415814)*[(0.036197254944930084, 0.046828085872469546), (4.976895814312145, 20.181802767103683), (9.812938727395085, 10.304688738483657), (15.166874736549117, 19.974445965805238), (9.814027873113746, 2.0129716200148398), (19.98310207486375, 9.930641662801769), (2.8813514718353774, 4.939388865621924)]
(0.036197254944930084, 0.046828085872469546) :  (0.1025097519029261, 0.4068951390870783)*[(0.036197254944930084, 0.046828085872469546), (4.976895814312145, 20.181802767103683), (9.812938727395085, 10.304688738483657), (15.166874736549117, 19.974445965805238), (9.814027873113746, 2.0129716200148398), (19.98310207486375, 9.930641662801769), (2.8813514718353774, 4.939388865621924)]
(0.036197254944930084, 0.046828085872469546) :  (0.11750614110916446, -0.5088056543085139)*[(0.036197254944930084, 0.046828085872469546), (4.976895814312145, 20.181802767103683), (9.812938727395085, 10.304688738483657), (15.166874736549117, 19.974445965805238), (9.814027873113746, 2.0129716200148398), (19.98310207486375, 9.930641662801769), (2.8813514718353774, 4.939388865621924)]
(0.036197254944930084, 0.046828085872469546) :  (0.133115718602689, -0.661386100974392)*[(0.036197254944930084, 0.046828085872469546), (4.976895814312145, 20.181802767103683), (9.812938727395085, 10.304688738483657), (15.166874736549117, 19.974445965805238), (9.814027873113746, 2.0129716200148398), (19.98310207486375, 9.930641662801769), (2.8813514718353774, 4.939388865621924)]
(0.036197254944930084, 0.046828085872469546) :  (0.13511096402348977, -0.2796264384077509)*[(0.036197254944930084, 0.046828085872469546), (4.976895814312145, 20.181802767103683), (9.812938727395085, 10.304688738483657), (15.166874736549117, 19.974445965805238), (9.814027873113746, 2.0129716200148398), (19.98310207486375, 9.930641662801769), (2.8813514718353774, 4.939388865621924)]
(0.036197254944930084, 0.046828085872469546) :  (0.14793057904030116, 0.33021081518062523)*[(0.036197254944930084, 0.046828085872469546), (4.976895814312145, 20.181802767103683), (9.812938727395085, 10.304688738483657), (15.166874736549117, 19.974445965805238), (9.814027873113746, 2.0129716200148398), (19.98310207486375, 9.930641662801769), (2.8813514718353774, 4.939388865621924)]
(0.036197254944930084, 0.046828085872469546) :  (0.20385055066622648, 0.3741986929163408)*[(0.036197254944930084, 0.046828085872469546), (4.976895814312145, 20.181802767103683), (9.812938727395085, 10.304688738483657), (15.166874736549117, 19.974445965805238), (9.814027873113746, 2.0129716200148398), (19.98310207486375, 9.930641662801769), (2.8813514718353774, 4.939388865621924)]
(0.036197254944930084, 0.046828085872469546) :  (0.2100310593758945, 0.5202176802312545)*[(0.036197254944930084, 0.046828085872469546), (4.976895814312145, 20.181802767103683), (9.812938727395085, 10.304688738483657), (15.166874736549117, 19.974445965805238), (9.814027873113746, 2.0129716200148398), (19.98310207486375, 9.930641662801769), (2.8813514718353774, 4.939388865621924)]
(0.036197254944930084, 0.046828085872469546) :  (0.23743689607466179, 0.5389444540701748)*[(0.036197254944930084, 0.046828085872469546), (4.976895814312145, 20.181802767103683), (9.812938727395085, 10.304688738483657), (15.166874736549117, 19.974445965805238), (9.814027873113746, 2.0129716200148398), (19.98310207486375, 9.930641662801769), (2.8813514718353774, 4.939388865621924)]
(0.036197254944930084, 0.046828085872469546) :  (0.23874871273847775, 0.7217538107455246)*[(0.036197254944930084, 0.046828085872469546), (4.976895814312145, 20.181802767103683), (9.812938727395085, 10.304688738483657), (15.166874736549117, 19.974445965805238), (9.814027873113746, 2.0129716200148398), (19.98310207486375, 9.930641662801769), (2.8813514718353774, 4.939388865621924)]
(0.036197254944930084, 0.046828085872469546) :  (0.2858420426909707, 0.7339481921838227)*[(0.036197254944930084, 0.046828085872469546), (4.976895814312145, 20.181802767103683), (9.812938727395085, 10.304688738483657), (15.166874736549117, 19.974445965805238), (9.814027873113746, 2.0129716200148398), (19.98310207486375, 9.930641662801769), (2.8813514718353774, 4.939388865621924)]
(0.036197254944930084, 0.046828085872469546) :  (0.3023973866201606, 0.5621285967085285)*[(0.036197254944930084, 0.046828085872469546), (4.976895814312145, 20.181802767103683), (9.812938727395085, 10.304688738483657), (15.166874736549117, 19.974445965805238), (9.814027873113746, 2.0129716200148398), (19.98310207486375, 9.930641662801769), (2.8813514718353774, 4.939388865621924)]
(0.036197254944930084, 0.046828085872469546) :  (0.3099159469318993, 0.7019846866662813)*[(0.036197254944930084, 0.046828085872469546), (4.976895814312145, 20.181802767103683), (9.812938727395085, 10.304688738483657), (15.166874736549117, 19.974445965805238), (9.814027873113746, 2.0129716200148398), (19.98310207486375, 9.930641662801769), (2.8813514718353774, 4.939388865621924)]
(0.036197254944930084, 0.046828085872469546) :  (0.35716940984181544, -0.15712028130613442)*[(0.036197254944930084, 0.046828085872469546), (4.976895814312145, 20.181802767103683), (9.812938727395085, 10.304688738483657), (15.166874736549117, 19.974445965805238), (9.814027873113746, 2.0129716200148398), (19.98310207486375, 9.930641662801769), (2.8813514718353774, 4.939388865621924)]
(0.036197254944930084, 0.046828085872469546) :  (0.3716238433100496, 0.6020710473971329)*[(0.036197254944930084, 0.046828085872469546), (4.976895814312145, 20.181802767103683), (9.812938727395085, 10.304688738483657), (15.166874736549117, 19.974445965805238), (9.814027873113746, 2.0129716200148398), (19.98310207486375, 9.930641662801769), (2.8813514718353774, 4.939388865621924)]
(0.036197254944930084, 0.046828085872469546) :  (0.41060423998191764, -0.10786566508652051)*[(0.036197254944930084, 0.046828085872469546), (4.976895814312145, 20.181802767103683), (9.812938727395085, 10.304688738483657), (15.166874736549117, 19.974445965805238), (9.814027873113746, 2.0129716200148398), (19.98310207486375, 9.930641662801769), (2.8813514718353774, 4.939388865621924)]
(0.036197254944930084, 0.046828085872469546) :  (0.4204933304175482, 0.2764862772843262)*[(0.036197254944930084, 0.046828085872469546), (4.976895814312145, 20.181802767103683), (9.812938727395085, 10.304688738483657), (15.166874736549117, 19.974445965805238), (9.814027873113746, 2.0129716200148398), (19.98310207486375, 9.930641662801769), (2.8813514718353774, 4.939388865621924)]
(0.036197254944930084, 0.046828085872469546) :  (0.4262754120568075, -0.035791452627020104)*[(0.036197254944930084, 0.046828085872469546), (4.976895814312145, 20.181802767103683), (9.812938727395085, 10.304688738483657), (15.166874736549117, 19.974445965805238), (9.814027873113746, 2.0129716200148398), (19.98310207486375, 9.930641662801769), (2.8813514718353774, 4.939388865621924)]
(0.036197254944930084, 0.046828085872469546) :  (0.46344366207156984, 0.19300710674913013)*[(0.036197254944930084, 0.046828085872469546), (4.976895814312145, 20.181802767103683), (9.812938727395085, 10.304688738483657), (15.166874736549117, 19.974445965805238), (9.814027873113746, 2.0129716200148398), (19.98310207486375, 9.930641662801769), (2.8813514718353774, 4.939388865621924)]
(0.036197254944930084, 0.046828085872469546) :  (0.47946431502639353, 0.6393832146154345)*[(0.036197254944930084, 0.046828085872469546), (4.976895814312145, 20.181802767103683), (9.812938727395085, 10.304688738483657), (15.166874736549117, 19.974445965805238), (9.814027873113746, 2.0129716200148398), (19.98310207486375, 9.930641662801769), (2.8813514718353774, 4.939388865621924)]
(0.036197254944930084, 0.046828085872469546) :  (0.5064204914290389, 0.1279263795989758)*[(0.036197254944930084, 0.046828085872469546), (4.976895814312145, 20.181802767103683), (9.812938727395085, 10.304688738483657), (15.166874736549117, 19.974445965805238), (9.814027873113746, 2.0129716200148398), (19.98310207486375, 9.930641662801769), (2.8813514718353774, 4.939388865621924)]
(0.036197254944930084, 0.046828085872469546) :  (0.530111976920937, 0.06415352340237646)*[(0.036197254944930084, 0.046828085872469546), (4.976895814312145, 20.181802767103683), (9.812938727395085, 10.304688738483657), (15.166874736549117, 19.974445965805238), (9.814027873113746, 2.0129716200148398), (19.98310207486375, 9.930641662801769), (2.8813514718353774, 4.939388865621924)]
(0.036197254944930084, 0.046828085872469546) :  (0.5379458964964086, 0.7009382042456209)*[(0.036197254944930084, 0.046828085872469546), (4.976895814312145, 20.181802767103683), (9.812938727395085, 10.304688738483657), (15.166874736549117, 19.974445965805238), (9.814027873113746, 2.0129716200148398), (19.98310207486375, 9.930641662801769), (2.8813514718353774, 4.939388865621924)]
(0.036197254944930084, 0.046828085872469546) :  (0.5414141422356198, -0.615676624414365)*[(0.036197254944930084, 0.046828085872469546), (4.976895814312145, 20.181802767103683), (9.812938727395085, 10.304688738483657), (15.166874736549117, 19.974445965805238), (9.814027873113746, 2.0129716200148398), (19.98310207486375, 9.930641662801769), (2.8813514718353774, 4.939388865621924)]
(0.036197254944930084, 0.046828085872469546) :  (0.5601250224273591, 0.4160104659960645)*[(0.036197254944930084, 0.046828085872469546), (4.976895814312145, 20.181802767103683), (9.812938727395085, 10.304688738483657), (15.166874736549117, 19.974445965805238), (9.814027873113746, 2.0129716200148398), (19.98310207486375, 9.930641662801769), (2.8813514718353774, 4.939388865621924)]
(0.036197254944930084, 0.046828085872469546) :  (0.5861105631301584, 0.24922117153945522)*[(0.036197254944930084, 0.046828085872469546), (4.976895814312145, 20.181802767103683), (9.812938727395085, 10.304688738483657), (15.166874736549117, 19.974445965805238), (9.814027873113746, 2.0129716200148398), (19.98310207486375, 9.930641662801769), (2.8813514718353774, 4.939388865621924)]
(0.036197254944930084, 0.046828085872469546) :  (0.5928983661099789, 0.1587739914902192)*[(0.036197254944930084, 0.046828085872469546), (4.976895814312145, 20.181802767103683), (9.812938727395085, 10.304688738483657), (15.166874736549117, 19.974445965805238), (9.814027873113746, 2.0129716200148398), (19.98310207486375, 9.930641662801769), (2.8813514718353774, 4.939388865621924)]
(0.036197254944930084, 0.046828085872469546) :  (0.597066439696607, 0.12741372761721392)*[(0.036197254944930084, 0.046828085872469546), (4.976895814312145, 20.181802767103683), (9.812938727395085, 10.304688738483657), (15.166874736549117, 19.974445965805238), (9.814027873113746, 2.0129716200148398), (19.98310207486375, 9.930641662801769), (2.8813514718353774, 4.939388865621924)]
(0.036197254944930084, 0.046828085872469546) :  (0.604890992404512, -0.7806774443006936)*[(0.036197254944930084, 0.046828085872469546), (4.976895814312145, 20.181802767103683), (9.812938727395085, 10.304688738483657), (15.166874736549117, 19.974445965805238), (9.814027873113746, 2.0129716200148398), (19.98310207486375, 9.930641662801769), (2.8813514718353774, 4.939388865621924)]
(0.036197254944930084, 0.046828085872469546) :  (0.6180462576620978, -0.7460875537895653)*[(0.036197254944930084, 0.046828085872469546), (4.976895814312145, 20.181802767103683), (9.812938727395085, 10.304688738483657), (15.166874736549117, 19.974445965805238), (9.814027873113746, 2.0129716200148398), (19.98310207486375, 9.930641662801769), (2.8813514718353774, 4.939388865621924)]
(0.036197254944930084, 0.046828085872469546) :  (0.6198186715831204, -0.07768614665837281)*[(0.036197254944930084, 0.046828085872469546), (4.976895814312145, 20.181802767103683), (9.812938727395085, 10.304688738483657), (15.166874736549117, 19.974445965805238), (9.814027873113746, 2.0129716200148398), (19.98310207486375, 9.930641662801769), (2.8813514718353774, 4.939388865621924)]
(0.036197254944930084, 0.046828085872469546) :  (0.6321243371774583, -0.6397800317635309)*[(0.036197254944930084, 0.046828085872469546), (4.976895814312145, 20.181802767103683), (9.812938727395085, 10.304688738483657), (15.166874736549117, 19.974445965805238), (9.814027873113746, 2.0129716200148398), (19.98310207486375, 9.930641662801769), (2.8813514718353774, 4.939388865621924)]
(0.036197254944930084, 0.046828085872469546) :  (0.6642129930918776, 0.180435103180682)*[(0.036197254944930084, 0.046828085872469546), (4.976895814312145, 20.181802767103683), (9.812938727395085, 10.304688738483657), (15.166874736549117, 19.974445965805238), (9.814027873113746, 2.0129716200148398), (19.98310207486375, 9.930641662801769), (2.8813514718353774, 4.939388865621924)]
(0.036197254944930084, 0.046828085872469546) :  (0.664611600536493, -0.4845502076029738)*[(0.036197254944930084, 0.046828085872469546), (4.976895814312145, 20.181802767103683), (9.812938727395085, 10.304688738483657), (15.166874736549117, 19.974445965805238), (9.814027873113746, 2.0129716200148398), (19.98310207486375, 9.930641662801769), (2.8813514718353774, 4.939388865621924)]
(0.036197254944930084, 0.046828085872469546) :  (0.6864273246616028, -0.6357926137143669)*[(0.036197254944930084, 0.046828085872469546), (4.976895814312145, 20.181802767103683), (9.812938727395085, 10.304688738483657), (15.166874736549117, 19.974445965805238), (9.814027873113746, 2.0129716200148398), (19.98310207486375, 9.930641662801769), (2.8813514718353774, 4.939388865621924)]
(0.036197254944930084, 0.046828085872469546) :  (0.6915504021726611, 0.09750886194810826)*[(0.036197254944930084, 0.046828085872469546), (4.976895814312145, 20.181802767103683), (9.812938727395085, 10.304688738483657), (15.166874736549117, 19.974445965805238), (9.814027873113746, 2.0129716200148398), (19.98310207486375, 9.930641662801769), (2.8813514718353774, 4.939388865621924)]
(0.036197254944930084, 0.046828085872469546) :  (0.7078046089405394, 0.4776668319777516)*[(0.036197254944930084, 0.046828085872469546), (4.976895814312145, 20.181802767103683), (9.812938727395085, 10.304688738483657), (15.166874736549117, 19.974445965805238), (9.814027873113746, 2.0129716200148398), (19.98310207486375, 9.930641662801769), (2.8813514718353774, 4.939388865621924)]
(0.036197254944930084, 0.046828085872469546) :  (0.7180230113137325, 0.689593118349084)*[(0.036197254944930084, 0.046828085872469546), (4.976895814312145, 20.181802767103683), (9.812938727395085, 10.304688738483657), (15.166874736549117, 19.974445965805238), (9.814027873113746, 2.0129716200148398), (19.98310207486375, 9.930641662801769), (2.8813514718353774, 4.939388865621924)]
(0.036197254944930084, 0.046828085872469546) :  (0.7453028607528549, 0.32491031934960735)*[(0.036197254944930084, 0.046828085872469546), (4.976895814312145, 20.181802767103683), (9.812938727395085, 10.304688738483657), (15.166874736549117, 19.974445965805238), (9.814027873113746, 2.0129716200148398), (19.98310207486375, 9.930641662801769), (2.8813514718353774, 4.939388865621924)]
(0.036197254944930084, 0.046828085872469546) :  (0.809512707453075, -0.3994811266230379)*[(0.036197254944930084, 0.046828085872469546), (4.976895814312145, 20.181802767103683), (9.812938727395085, 10.304688738483657), (15.166874736549117, 19.974445965805238), (9.814027873113746, 2.0129716200148398), (19.98310207486375, 9.930641662801769), (2.8813514718353774, 4.939388865621924)]
(0.036197254944930084, 0.046828085872469546) :  (0.8116361453801704, 0.10767816596730839)*[(0.036197254944930084, 0.046828085872469546), (4.976895814312145, 20.181802767103683), (9.812938727395085, 10.304688738483657), (15.166874736549117, 19.974445965805238), (9.814027873113746, 2.0129716200148398), (19.98310207486375, 9.930641662801769), (2.8813514718353774, 4.939388865621924)]
(0.036197254944930084, 0.046828085872469546) :  (0.9257653047942545, -0.31548466763574007)*[(0.036197254944930084, 0.046828085872469546), (4.976895814312145, 20.181802767103683), (9.812938727395085, 10.304688738483657), (15.166874736549117, 19.974445965805238), (9.814027873113746, 2.0129716200148398), (19.98310207486375, 9.930641662801769), (2.8813514718353774, 4.939388865621924)]
(0.036197254944930084, 0.046828085872469546) :  (0.9368130477181418, -0.2053945632918024)*[(0.036197254944930084, 0.046828085872469546), (4.976895814312145, 20.181802767103683), (9.812938727395085, 10.304688738483657), (15.166874736549117, 19.974445965805238), (9.814027873113746, 2.0129716200148398), (19.98310207486375, 9.930641662801769), (2.8813514718353774, 4.939388865621924)]
(0.036197254944930084, 0.046828085872469546) :  (0.9564867516796625, -0.22138213182382754)*[(0.036197254944930084, 0.046828085872469546), (4.976895814312145, 20.181802767103683), (9.812938727395085, 10.304688738483657), (15.166874736549117, 19.974445965805238), (9.814027873113746, 2.0129716200148398), (19.98310207486375, 9.930641662801769), (2.8813514718353774, 4.939388865621924)]
(0.036197254944930084, 0.046828085872469546) :  (0.9630118622734283, 0.16430327784194027)*[(0.036197254944930084, 0.046828085872469546), (4.976895814312145, 20.181802767103683), (9.812938727395085, 10.304688738483657), (15.166874736549117, 19.974445965805238), (9.814027873113746, 2.0129716200148398), (19.98310207486375, 9.930641662801769), (2.8813514718353774, 4.939388865621924)]
(0.036197254944930084, 0.046828085872469546) :  (0.973742394846997, 0.05846649248701061)*[(0.036197254944930084, 0.046828085872469546), (4.976895814312145, 20.181802767103683), (9.812938727395085, 10.304688738483657), (15.166874736549117, 19.974445965805238), (9.814027873113746, 2.0129716200148398), (19.98310207486375, 9.930641662801769), (2.8813514718353774, 4.939388865621924)]
(0.036197254944930084, 0.046828085872469546) :  (0.982666389982503, -0.05095413175067767)*[(0.036197254944930084, 0.046828085872469546), (4.976895814312145, 20.181802767103683), (9.812938727395085, 10.304688738483657), (15.166874736549117, 19.974445965805238), (9.814027873113746, 2.0129716200148398), (19.98310207486375, 9.930641662801769), (2.8813514718353774, 4.939388865621924)]
(4.976895814312145, 20.181802767103683) :  (2.0386854566181585, 19.75492558352587)*[(0.036197254944930084, 0.046828085872469546), (4.976895814312145, 20.181802767103683), (9.812938727395085, 10.304688738483657), (15.166874736549117, 19.974445965805238), (9.814027873113746, 2.0129716200148398), (19.98310207486375, 9.930641662801769), (2.8813514718353774, 4.939388865621924)]
(4.976895814312145, 20.181802767103683) :  (2.1519494639033256, 19.557614353505205)*[(0.036197254944930084, 0.046828085872469546), (4.976895814312145, 20.181802767103683), (9.812938727395085, 10.304688738483657), (15.166874736549117, 19.974445965805238), (9.814027873113746, 2.0129716200148398), (19.98310207486375, 9.930641662801769), (2.8813514718353774, 4.939388865621924)]
(4.976895814312145, 20.181802767103683) :  (2.1525098576256045, 20.834002237484935)*[(0.036197254944930084, 0.046828085872469546), (4.976895814312145, 20.181802767103683), (9.812938727395085, 10.304688738483657), (15.166874736549117, 19.974445965805238), (9.814027873113746, 2.0129716200148398), (19.98310207486375, 9.930641662801769), (2.8813514718353774, 4.939388865621924)]
(4.976895814312145, 20.181802767103683) :  (2.16066818149178, 20.95720654033705)*[(0.036197254944930084, 0.046828085872469546), (4.976895814312145, 20.181802767103683), (9.812938727395085, 10.304688738483657), (15.166874736549117, 19.974445965805238), (9.814027873113746, 2.0129716200148398), (19.98310207486375, 9.930641662801769), (2.8813514718353774, 4.939388865621924)]
(4.976895814312145, 20.181802767103683) :  (2.227808705106723, 21.093198954365217)*[(0.036197254944930084, 0.046828085872469546), (4.976895814312145, 20.181802767103683), (9.812938727395085, 10.304688738483657), (15.166874736549117, 19.974445965805238), (9.814027873113746, 2.0129716200148398), (19.98310207486375, 9.930641662801769), (2.8813514718353774, 4.939388865621924)]
(4.976895814312145, 20.181802767103683) :  (2.2778441531557743, 19.783762847973474)*[(0.036197254944930084, 0.046828085872469546), (4.976895814312145, 20.181802767103683), (9.812938727395085, 10.304688738483657), (15.166874736549117, 19.974445965805238), (9.814027873113746, 2.0129716200148398), (19.98310207486375, 9.930641662801769), (2.8813514718353774, 4.939388865621924)]
(4.976895814312145, 20.181802767103683) :  (2.278637249742621, 20.531804711573805)*[(0.036197254944930084, 0.046828085872469546), (4.976895814312145, 20.181802767103683), (9.812938727395085, 10.304688738483657), (15.166874736549117, 19.974445965805238), (9.814027873113746, 2.0129716200148398), (19.98310207486375, 9.930641662801769), (2.8813514718353774, 4.939388865621924)]
(4.976895814312145, 20.181802767103683) :  (2.4863784567105203, 20.24961092779236)*[(0.036197254944930084, 0.046828085872469546), (4.976895814312145, 20.181802767103683), (9.812938727395085, 10.304688738483657), (15.166874736549117, 19.974445965805238), (9.814027873113746, 2.0129716200148398), (19.98310207486375, 9.930641662801769), (2.8813514718353774, 4.939388865621924)]
(4.976895814312145, 20.181802767103683) :  (2.4994391706616166, 18.45263877429674)*[(0.036197254944930084, 0.046828085872469546), (4.976895814312145, 20.181802767103683), (9.812938727395085, 10.304688738483657), (15.166874736549117, 19.974445965805238), (9.814027873113746, 2.0129716200148398), (19.98310207486375, 9.930641662801769), (2.8813514718353774, 4.939388865621924)]
(4.976895814312145, 20.181802767103683) :  (2.6251870050695754, 20.635089636991044)*[(0.036197254944930084, 0.046828085872469546), (4.976895814312145, 20.181802767103683), (9.812938727395085, 10.304688738483657), (15.166874736549117, 19.974445965805238), (9.814027873113746, 2.0129716200148398), (19.98310207486375, 9.930641662801769), (2.8813514718353774, 4.939388865621924)]
(4.976895814312145, 20.181802767103683) :  (2.6434775157353005, 21.591300690617015)*[(0.036197254944930084, 0.046828085872469546), (4.976895814312145, 20.181802767103683), (9.812938727395085, 10.304688738483657), (15.166874736549117, 19.974445965805238), (9.814027873113746, 2.0129716200148398), (19.98310207486375, 9.930641662801769), (2.8813514718353774, 4.939388865621924)]
(4.976895814312145, 20.181802767103683) :  (2.6829403422488456, 19.334545298954513)*[(0.036197254944930084, 0.046828085872469546), (4.976895814312145, 20.181802767103683), (9.812938727395085, 10.304688738483657), (15.166874736549117, 19.974445965805238), (9.814027873113746, 2.0129716200148398), (19.98310207486375, 9.930641662801769), (2.8813514718353774, 4.939388865621924)]
(4.976895814312145, 20.181802767103683) :  (2.817190054807959, 21.479786681939824)*[(0.036197254944930084, 0.046828085872469546), (4.976895814312145, 20.181802767103683), (9.812938727395085, 10.304688738483657), (15.166874736549117, 19.974445965805238), (9.814027873113746, 2.0129716200148398), (19.98310207486375, 9.930641662801769), (2.8813514718353774, 4.939388865621924)]
(4.976895814312145, 20.181802767103683) :  (2.8368514483841873, 18.900706725891045)*[(0.036197254944930084, 0.046828085872469546), (4.976895814312145, 20.181802767103683), (9.812938727395085, 10.304688738483657), (15.166874736549117, 19.974445965805238), (9.814027873113746, 2.0129716200148398), (19.98310207486375, 9.930641662801769), (2.8813514718353774, 4.939388865621924)]
(4.976895814312145, 20.181802767103683) :  (2.8940204553437194, 20.278054120164676)*[(0.036197254944930084, 0.046828085872469546), (4.976895814312145, 20.181802767103683), (9.812938727395085, 10.304688738483657), (15.166874736549117, 19.974445965805238), (9.814027873113746, 2.0129716200148398), (19.98310207486375, 9.930641662801769), (2.8813514718353774, 4.939388865621924)]
(4.976895814312145, 20.181802767103683) :  (2.949873384073801, 20.004524181932492)*[(0.036197254944930084, 0.046828085872469546), (4.976895814312145, 20.181802767103683), (9.812938727395085, 10.304688738483657), (15.166874736549117, 19.974445965805238), (9.814027873113746, 2.0129716200148398), (19.98310207486375, 9.930641662801769), (2.8813514718353774, 4.939388865621924)]
(4.976895814312145, 20.181802767103683) :  (2.9872564725397237, 17.81025113379754)*[(0.036197254944930084, 0.046828085872469546), (4.976895814312145, 20.181802767103683), (9.812938727395085, 10.304688738483657), (15.166874736549117, 19.974445965805238), (9.814027873113746, 2.0129716200148398), (19.98310207486375, 9.930641662801769), (2.8813514718353774, 4.939388865621924)]
(4.976895814312145, 20.181802767103683) :  (3.0604407956950688, 20.826559681181326)*[(0.036197254944930084, 0.046828085872469546), (4.976895814312145, 20.181802767103683), (9.812938727395085, 10.304688738483657), (15.166874736549117, 19.974445965805238), (9.814027873113746, 2.0129716200148398), (19.98310207486375, 9.930641662801769), (2.8813514718353774, 4.939388865621924)]
(4.976895814312145, 20.181802767103683) :  (3.06902878346823, 18.819436056028128)*[(0.036197254944930084, 0.046828085872469546), (4.976895814312145, 20.181802767103683), (9.812938727395085, 10.304688738483657), (15.166874736549117, 19.974445965805238), (9.814027873113746, 2.0129716200148398), (19.98310207486375, 9.930641662801769), (2.8813514718353774, 4.939388865621924)]
(4.976895814312145, 20.181802767103683) :  (3.1280359096079087, 19.941163632936544)*[(0.036197254944930084, 0.046828085872469546), (4.976895814312145, 20.181802767103683), (9.812938727395085, 10.304688738483657), (15.166874736549117, 19.974445965805238), (9.814027873113746, 2.0129716200148398), (19.98310207486375, 9.930641662801769), (2.8813514718353774, 4.939388865621924)]
(4.976895814312145, 20.181802767103683) :  (3.132772575610429, 19.119695324026477)*[(0.036197254944930084, 0.046828085872469546), (4.976895814312145, 20.181802767103683), (9.812938727395085, 10.304688738483657), (15.166874736549117, 19.974445965805238), (9.814027873113746, 2.0129716200148398), (19.98310207486375, 9.930641662801769), (2.8813514718353774, 4.939388865621924)]
(4.976895814312145, 20.181802767103683) :  (3.2122145316812922, 18.15162882743278)*[(0.036197254944930084, 0.046828085872469546), (4.976895814312145, 20.181802767103683), (9.812938727395085, 10.304688738483657), (15.166874736549117, 19.974445965805238), (9.814027873113746, 2.0129716200148398), (19.98310207486375, 9.930641662801769), (2.8813514718353774, 4.939388865621924)]
(4.976895814312145, 20.181802767103683) :  (3.2536182362815795, 21.227539489136838)*[(0.036197254944930084, 0.046828085872469546), (4.976895814312145, 20.181802767103683), (9.812938727395085, 10.304688738483657), (15.166874736549117, 19.974445965805238), (9.814027873113746, 2.0129716200148398), (19.98310207486375, 9.930641662801769), (2.8813514718353774, 4.939388865621924)]
(4.976895814312145, 20.181802767103683) :  (3.2583155583593255, 22.300037340624606)*[(0.036197254944930084, 0.046828085872469546), (4.976895814312145, 20.181802767103683), (9.812938727395085, 10.304688738483657), (15.166874736549117, 19.974445965805238), (9.814027873113746, 2.0129716200148398), (19.98310207486375, 9.930641662801769), (2.8813514718353774, 4.939388865621924)]
(4.976895814312145, 20.181802767103683) :  (3.261467693397791, 22.144235214070378)*[(0.036197254944930084, 0.046828085872469546), (4.976895814312145, 20.181802767103683), (9.812938727395085, 10.304688738483657), (15.166874736549117, 19.974445965805238), (9.814027873113746, 2.0129716200148398), (19.98310207486375, 9.930641662801769), (2.8813514718353774, 4.939388865621924)]
(4.976895814312145, 20.181802767103683) :  (3.2674221197201265, 21.080235297647)*[(0.036197254944930084, 0.046828085872469546), (4.976895814312145, 20.181802767103683), (9.812938727395085, 10.304688738483657), (15.166874736549117, 19.974445965805238), (9.814027873113746, 2.0129716200148398), (19.98310207486375, 9.930641662801769), (2.8813514718353774, 4.939388865621924)]
(4.976895814312145, 20.181802767103683) :  (3.4281352829424856, 21.78646642410904)*[(0.036197254944930084, 0.046828085872469546), (4.976895814312145, 20.181802767103683), (9.812938727395085, 10.304688738483657), (15.166874736549117, 19.974445965805238), (9.814027873113746, 2.0129716200148398), (19.98310207486375, 9.930641662801769), (2.8813514718353774, 4.939388865621924)]
(4.976895814312145, 20.181802767103683) :  (3.509651296409359, 19.3003348606696)*[(0.036197254944930084, 0.046828085872469546), (4.976895814312145, 20.181802767103683), (9.812938727395085, 10.304688738483657), (15.166874736549117, 19.974445965805238), (9.814027873113746, 2.0129716200148398), (19.98310207486375, 9.930641662801769), (2.8813514718353774, 4.939388865621924)]
(4.976895814312145, 20.181802767103683) :  (3.5742548871447943, 17.708530655712508)*[(0.036197254944930084, 0.046828085872469546), (4.976895814312145, 20.181802767103683), (9.812938727395085, 10.304688738483657), (15.166874736549117, 19.974445965805238), (9.814027873113746, 2.0129716200148398), (19.98310207486375, 9.930641662801769), (2.8813514718353774, 4.939388865621924)]
(4.976895814312145, 20.181802767103683) :  (3.5989939660187336, 22.349636536889513)*[(0.036197254944930084, 0.046828085872469546), (4.976895814312145, 20.181802767103683), (9.812938727395085, 10.304688738483657), (15.166874736549117, 19.974445965805238), (9.814027873113746, 2.0129716200148398), (19.98310207486375, 9.930641662801769), (2.8813514718353774, 4.939388865621924)]
(4.976895814312145, 20.181802767103683) :  (3.6227937722580243, 20.369152765373617)*[(0.036197254944930084, 0.046828085872469546), (4.976895814312145, 20.181802767103683), (9.812938727395085, 10.304688738483657), (15.166874736549117, 19.974445965805238), (9.814027873113746, 2.0129716200148398), (19.98310207486375, 9.930641662801769), (2.8813514718353774, 4.939388865621924)]
(4.976895814312145, 20.181802767103683) :  (3.6811001923518845, 22.446413706284012)*[(0.036197254944930084, 0.046828085872469546), (4.976895814312145, 20.181802767103683), (9.812938727395085, 10.304688738483657), (15.166874736549117, 19.974445965805238), (9.814027873113746, 2.0129716200148398), (19.98310207486375, 9.930641662801769), (2.8813514718353774, 4.939388865621924)]
(4.976895814312145, 20.181802767103683) :  (3.7258733925851777, 20.17573469516868)*[(0.036197254944930084, 0.046828085872469546), (4.976895814312145, 20.181802767103683), (9.812938727395085, 10.304688738483657), (15.166874736549117, 19.974445965805238), (9.814027873113746, 2.0129716200148398), (19.98310207486375, 9.930641662801769), (2.8813514718353774, 4.939388865621924)]
(4.976895814312145, 20.181802767103683) :  (3.8750155603694187, 19.142896199737784)*[(0.036197254944930084, 0.046828085872469546), (4.976895814312145, 20.181802767103683), (9.812938727395085, 10.304688738483657), (15.166874736549117, 19.974445965805238), (9.814027873113746, 2.0129716200148398), (19.98310207486375, 9.930641662801769), (2.8813514718353774, 4.939388865621924)]
(4.976895814312145, 20.181802767103683) :  (3.8872981847541523, 19.59480015200571)*[(0.036197254944930084, 0.046828085872469546), (4.976895814312145, 20.181802767103683), (9.812938727395085, 10.304688738483657), (15.166874736549117, 19.974445965805238), (9.814027873113746, 2.0129716200148398), (19.98310207486375, 9.930641662801769), (2.8813514718353774, 4.939388865621924)]
(4.976895814312145, 20.181802767103683) :  (3.947392226668948, 19.656817062242304)*[(0.036197254944930084, 0.046828085872469546), (4.976895814312145, 20.181802767103683), (9.812938727395085, 10.304688738483657), (15.166874736549117, 19.974445965805238), (9.814027873113746, 2.0129716200148398), (19.98310207486375, 9.930641662801769), (2.8813514718353774, 4.939388865621924)]
(4.976895814312145, 20.181802767103683) :  (4.056867347768597, 17.66716081666574)*[(0.036197254944930084, 0.046828085872469546), (4.976895814312145, 20.181802767103683), (9.812938727395085, 10.304688738483657), (15.166874736549117, 19.974445965805238), (9.814027873113746, 2.0129716200148398), (19.98310207486375, 9.930641662801769), (2.8813514718353774, 4.939388865621924)]
(4.976895814312145, 20.181802767103683) :  (4.203021411148115, 22.7875926295259)*[(0.036197254944930084, 0.046828085872469546), (4.976895814312145, 20.181802767103683), (9.812938727395085, 10.304688738483657), (15.166874736549117, 19.974445965805238), (9.814027873113746, 2.0129716200148398), (19.98310207486375, 9.930641662801769), (2.8813514718353774, 4.939388865621924)]
(4.976895814312145, 20.181802767103683) :  (4.257176330649795, 19.318707983055447)*[(0.036197254944930084, 0.046828085872469546), (4.976895814312145, 20.181802767103683), (9.812938727395085, 10.304688738483657), (15.166874736549117, 19.974445965805238), (9.814027873113746, 2.0129716200148398), (19.98310207486375, 9.930641662801769), (2.8813514718353774, 4.939388865621924)]
(4.976895814312145, 20.181802767103683) :  (4.541346351769922, 17.85341201399279)*[(0.036197254944930084, 0.046828085872469546), (4.976895814312145, 20.181802767103683), (9.812938727395085, 10.304688738483657), (15.166874736549117, 19.974445965805238), (9.814027873113746, 2.0129716200148398), (19.98310207486375, 9.930641662801769), (2.8813514718353774, 4.939388865621924)]
(4.976895814312145, 20.181802767103683) :  (4.602478940879292, 21.866400389086152)*[(0.036197254944930084, 0.046828085872469546), (4.976895814312145, 20.181802767103683), (9.812938727395085, 10.304688738483657), (15.166874736549117, 19.974445965805238), (9.814027873113746, 2.0129716200148398), (19.98310207486375, 9.930641662801769), (2.8813514718353774, 4.939388865621924)]
(4.976895814312145, 20.181802767103683) :  (4.691189916057679, 22.88174567618467)*[(0.036197254944930084, 0.046828085872469546), (4.976895814312145, 20.181802767103683), (9.812938727395085, 10.304688738483657), (15.166874736549117, 19.974445965805238), (9.814027873113746, 2.0129716200148398), (19.98310207486375, 9.930641662801769), (2.8813514718353774, 4.939388865621924)]
(4.976895814312145, 20.181802767103683) :  (4.773523855649349, 20.52678822693836)*[(0.036197254944930084, 0.046828085872469546), (4.976895814312145, 20.181802767103683), (9.812938727395085, 10.304688738483657), (15.166874736549117, 19.974445965805238), (9.814027873113746, 2.0129716200148398), (19.98310207486375, 9.930641662801769), (2.8813514718353774, 4.939388865621924)]
(4.976895814312145, 20.181802767103683) :  (4.810554975286126, 22.79525746777808)*[(0.036197254944930084, 0.046828085872469546), (4.976895814312145, 20.181802767103683), (9.812938727395085, 10.304688738483657), (15.166874736549117, 19.974445965805238), (9.814027873113746, 2.0129716200148398), (19.98310207486375, 9.930641662801769), (2.8813514718353774, 4.939388865621924)]
(4.976895814312145, 20.181802767103683) :  (4.816839050377432, 17.95497985115979)*[(0.036197254944930084, 0.046828085872469546), (4.976895814312145, 20.181802767103683), (9.812938727395085, 10.304688738483657), (15.166874736549117, 19.974445965805238), (9.814027873113746, 2.0129716200148398), (19.98310207486375, 9.930641662801769), (2.8813514718353774, 4.939388865621924)]
(4.976895814312145, 20.181802767103683) :  (4.822908932116685, 22.708034100944566)*[(0.036197254944930084, 0.046828085872469546), (4.976895814312145, 20.181802767103683), (9.812938727395085, 10.304688738483657), (15.166874736549117, 19.974445965805238), (9.814027873113746, 2.0129716200148398), (19.98310207486375, 9.930641662801769), (2.8813514718353774, 4.939388865621924)]
(4.976895814312145, 20.181802767103683) :  (4.912196045880638, 21.197498818544368)*[(0.036197254944930084, 0.046828085872469546), (4.976895814312145, 20.181802767103683), (9.812938727395085, 10.304688738483657), (15.166874736549117, 19.974445965805238), (9.814027873113746, 2.0129716200148398), (19.98310207486375, 9.930641662801769), (2.8813514718353774, 4.939388865621924)]
(4.976895814312145, 20.181802767103683) :  (4.937737811862236, 18.168026569212117)*[(0.036197254944930084, 0.046828085872469546), (4.976895814312145, 20.181802767103683), (9.812938727395085, 10.304688738483657), (15.166874736549117, 19.974445965805238), (9.814027873113746, 2.0129716200148398), (19.98310207486375, 9.930641662801769), (2.8813514718353774, 4.939388865621924)]
(4.976895814312145, 20.181802767103683) :  (4.9550811839220374, 19.49517964843002)*[(0.036197254944930084, 0.046828085872469546), (4.976895814312145, 20.181802767103683), (9.812938727395085, 10.304688738483657), (15.166874736549117, 19.974445965805238), (9.814027873113746, 2.0129716200148398), (19.98310207486375, 9.930641662801769), (2.8813514718353774, 4.939388865621924)]
(4.976895814312145, 20.181802767103683) :  (4.982449701540801, 21.05863514376474)*[(0.036197254944930084, 0.046828085872469546), (4.976895814312145, 20.181802767103683), (9.812938727395085, 10.304688738483657), (15.166874736549117, 19.974445965805238), (9.814027873113746, 2.0129716200148398), (19.98310207486375, 9.930641662801769), (2.8813514718353774, 4.939388865621924)]
(4.976895814312145, 20.181802767103683) :  (5.016876285542009, 22.914978440696583)*[(0.036197254944930084, 0.046828085872469546), (4.976895814312145, 20.181802767103683), (9.812938727395085, 10.304688738483657), (15.166874736549117, 19.974445965805238), (9.814027873113746, 2.0129716200148398), (19.98310207486375, 9.930641662801769), (2.8813514718353774, 4.939388865621924)]
(4.976895814312145, 20.181802767103683) :  (5.017582117239609, 22.342080779074326)*[(0.036197254944930084, 0.046828085872469546), (4.976895814312145, 20.181802767103683), (9.812938727395085, 10.304688738483657), (15.166874736549117, 19.974445965805238), (9.814027873113746, 2.0129716200148398), (19.98310207486375, 9.930641662801769), (2.8813514718353774, 4.939388865621924)]
(4.976895814312145, 20.181802767103683) :  (5.069831637784028, 21.59909194718707)*[(0.036197254944930084, 0.046828085872469546), (4.976895814312145, 20.181802767103683), (9.812938727395085, 10.304688738483657), (15.166874736549117, 19.974445965805238), (9.814027873113746, 2.0129716200148398), (19.98310207486375, 9.930641662801769), (2.8813514718353774, 4.939388865621924)]
(4.976895814312145, 20.181802767103683) :  (5.105973943438856, 20.257832925521058)*[(0.036197254944930084, 0.046828085872469546), (4.976895814312145, 20.181802767103683), (9.812938727395085, 10.304688738483657), (15.166874736549117, 19.974445965805238), (9.814027873113746, 2.0129716200148398), (19.98310207486375, 9.930641662801769), (2.8813514718353774, 4.939388865621924)]
(4.976895814312145, 20.181802767103683) :  (5.306989959492709, 22.675878900142475)*[(0.036197254944930084, 0.046828085872469546), (4.976895814312145, 20.181802767103683), (9.812938727395085, 10.304688738483657), (15.166874736549117, 19.974445965805238), (9.814027873113746, 2.0129716200148398), (19.98310207486375, 9.930641662801769), (2.8813514718353774, 4.939388865621924)]
(4.976895814312145, 20.181802767103683) :  (5.308567468611844, 18.169126912288927)*[(0.036197254944930084, 0.046828085872469546), (4.976895814312145, 20.181802767103683), (9.812938727395085, 10.304688738483657), (15.166874736549117, 19.974445965805238), (9.814027873113746, 2.0129716200148398), (19.98310207486375, 9.930641662801769), (2.8813514718353774, 4.939388865621924)]
(4.976895814312145, 20.181802767103683) :  (5.4800594115120775, 18.650191516496673)*[(0.036197254944930084, 0.046828085872469546), (4.976895814312145, 20.181802767103683), (9.812938727395085, 10.304688738483657), (15.166874736549117, 19.974445965805238), (9.814027873113746, 2.0129716200148398), (19.98310207486375, 9.930641662801769), (2.8813514718353774, 4.939388865621924)]
(4.976895814312145, 20.181802767103683) :  (5.518600437384193, 22.253636107142654)*[(0.036197254944930084, 0.046828085872469546), (4.976895814312145, 20.181802767103683), (9.812938727395085, 10.304688738483657), (15.166874736549117, 19.974445965805238), (9.814027873113746, 2.0129716200148398), (19.98310207486375, 9.930641662801769), (2.8813514718353774, 4.939388865621924)]
(4.976895814312145, 20.181802767103683) :  (5.522966182037142, 17.847598052818807)*[(0.036197254944930084, 0.046828085872469546), (4.976895814312145, 20.181802767103683), (9.812938727395085, 10.304688738483657), (15.166874736549117, 19.974445965805238), (9.814027873113746, 2.0129716200148398), (19.98310207486375, 9.930641662801769), (2.8813514718353774, 4.939388865621924)]
(4.976895814312145, 20.181802767103683) :  (5.545350824529615, 20.027067386443832)*[(0.036197254944930084, 0.046828085872469546), (4.976895814312145, 20.181802767103683), (9.812938727395085, 10.304688738483657), (15.166874736549117, 19.974445965805238), (9.814027873113746, 2.0129716200148398), (19.98310207486375, 9.930641662801769), (2.8813514718353774, 4.939388865621924)]
(4.976895814312145, 20.181802767103683) :  (5.813992396354073, 21.82420221750624)*[(0.036197254944930084, 0.046828085872469546), (4.976895814312145, 20.181802767103683), (9.812938727395085, 10.304688738483657), (15.166874736549117, 19.974445965805238), (9.814027873113746, 2.0129716200148398), (19.98310207486375, 9.930641662801769), (2.8813514718353774, 4.939388865621924)]
(4.976895814312145, 20.181802767103683) :  (5.831866901260334, 18.69797196678697)*[(0.036197254944930084, 0.046828085872469546), (4.976895814312145, 20.181802767103683), (9.812938727395085, 10.304688738483657), (15.166874736549117, 19.974445965805238), (9.814027873113746, 2.0129716200148398), (19.98310207486375, 9.930641662801769), (2.8813514718353774, 4.939388865621924)]
(4.976895814312145, 20.181802767103683) :  (5.929103843055969, 17.860190563726405)*[(0.036197254944930084, 0.046828085872469546), (4.976895814312145, 20.181802767103683), (9.812938727395085, 10.304688738483657), (15.166874736549117, 19.974445965805238), (9.814027873113746, 2.0129716200148398), (19.98310207486375, 9.930641662801769), (2.8813514718353774, 4.939388865621924)]
(4.976895814312145, 20.181802767103683) :  (5.977809614824404, 18.996109111132093)*[(0.036197254944930084, 0.046828085872469546), (4.976895814312145, 20.181802767103683), (9.812938727395085, 10.304688738483657), (15.166874736549117, 19.974445965805238), (9.814027873113746, 2.0129716200148398), (19.98310207486375, 9.930641662801769), (2.8813514718353774, 4.939388865621924)]
(4.976895814312145, 20.181802767103683) :  (6.016795861801082, 17.283606959010367)*[(0.036197254944930084, 0.046828085872469546), (4.976895814312145, 20.181802767103683), (9.812938727395085, 10.304688738483657), (15.166874736549117, 19.974445965805238), (9.814027873113746, 2.0129716200148398), (19.98310207486375, 9.930641662801769), (2.8813514718353774, 4.939388865621924)]
(4.976895814312145, 20.181802767103683) :  (6.04379879689564, 21.872116717921784)*[(0.036197254944930084, 0.046828085872469546), (4.976895814312145, 20.181802767103683), (9.812938727395085, 10.304688738483657), (15.166874736549117, 19.974445965805238), (9.814027873113746, 2.0129716200148398), (19.98310207486375, 9.930641662801769), (2.8813514718353774, 4.939388865621924)]
(4.976895814312145, 20.181802767103683) :  (6.0850809242705575, 19.360359905327456)*[(0.036197254944930084, 0.046828085872469546), (4.976895814312145, 20.181802767103683), (9.812938727395085, 10.304688738483657), (15.166874736549117, 19.974445965805238), (9.814027873113746, 2.0129716200148398), (19.98310207486375, 9.930641662801769), (2.8813514718353774, 4.939388865621924)]
(4.976895814312145, 20.181802767103683) :  (6.121214546514808, 20.297091319825633)*[(0.036197254944930084, 0.046828085872469546), (4.976895814312145, 20.181802767103683), (9.812938727395085, 10.304688738483657), (15.166874736549117, 19.974445965805238), (9.814027873113746, 2.0129716200148398), (19.98310207486375, 9.930641662801769), (2.8813514718353774, 4.939388865621924)]
(4.976895814312145, 20.181802767103683) :  (6.1698706224483875, 20.695462075428576)*[(0.036197254944930084, 0.046828085872469546), (4.976895814312145, 20.181802767103683), (9.812938727395085, 10.304688738483657), (15.166874736549117, 19.974445965805238), (9.814027873113746, 2.0129716200148398), (19.98310207486375, 9.930641662801769), (2.8813514718353774, 4.939388865621924)]
(4.976895814312145, 20.181802767103683) :  (6.20865385689809, 21.61673406168839)*[(0.036197254944930084, 0.046828085872469546), (4.976895814312145, 20.181802767103683), (9.812938727395085, 10.304688738483657), (15.166874736549117, 19.974445965805238), (9.814027873113746, 2.0129716200148398), (19.98310207486375, 9.930641662801769), (2.8813514718353774, 4.939388865621924)]
(4.976895814312145, 20.181802767103683) :  (6.362922634468317, 20.08742406184139)*[(0.036197254944930084, 0.046828085872469546), (4.976895814312145, 20.181802767103683), (9.812938727395085, 10.304688738483657), (15.166874736549117, 19.974445965805238), (9.814027873113746, 2.0129716200148398), (19.98310207486375, 9.930641662801769), (2.8813514718353774, 4.939388865621924)]
(4.976895814312145, 20.181802767103683) :  (6.398184768915307, 20.58022219383211)*[(0.036197254944930084, 0.046828085872469546), (4.976895814312145, 20.181802767103683), (9.812938727395085, 10.304688738483657), (15.166874736549117, 19.974445965805238), (9.814027873113746, 2.0129716200148398), (19.98310207486375, 9.930641662801769), (2.8813514718353774, 4.939388865621924)]
(4.976895814312145, 20.181802767103683) :  (6.409088124644333, 17.977523583554266)*[(0.036197254944930084, 0.046828085872469546), (4.976895814312145, 20.181802767103683), (9.812938727395085, 10.304688738483657), (15.166874736549117, 19.974445965805238), (9.814027873113746, 2.0129716200148398), (19.98310207486375, 9.930641662801769), (2.8813514718353774, 4.939388865621924)]
(4.976895814312145, 20.181802767103683) :  (6.530690601973774, 18.827761608150542)*[(0.036197254944930084, 0.046828085872469546), (4.976895814312145, 20.181802767103683), (9.812938727395085, 10.304688738483657), (15.166874736549117, 19.974445965805238), (9.814027873113746, 2.0129716200148398), (19.98310207486375, 9.930641662801769), (2.8813514718353774, 4.939388865621924)]
(4.976895814312145, 20.181802767103683) :  (6.574276011749471, 19.384039202782827)*[(0.036197254944930084, 0.046828085872469546), (4.976895814312145, 20.181802767103683), (9.812938727395085, 10.304688738483657), (15.166874736549117, 19.974445965805238), (9.814027873113746, 2.0129716200148398), (19.98310207486375, 9.930641662801769), (2.8813514718353774, 4.939388865621924)]
