(14.861939691444688, 19.841058601060688) :  (12.445049039228778, 18.57044154351031)*[(0.024382182128688548, 0.08316466399541157), (4.654251263102464, 19.95502885003298), (20.09288214108117, 9.985299640704719), (14.861939691444688, 19.841058601060688), (10.717785583788473, 2.223396109709733), (10.20435737920309, 10.065223434966446), (3.4563727442538954, 4.713790711823172)]
(14.861939691444688, 19.841058601060688) :  (12.556326411158889, 18.649601720697742)*[(0.024382182128688548, 0.08316466399541157), (4.654251263102464, 19.95502885003298), (20.09288214108117, 9.985299640704719), (14.861939691444688, 19.841058601060688), (10.717785583788473, 2.223396109709733), (10.20435737920309, 10.065223434966446), (3.4563727442538954, 4.713790711823172)]
(14.861939691444688, 19.841058601060688) :  (12.840790706022732, 18.811004399509066)*[(0.024382182128688548, 0.08316466399541157), (4.654251263102464, 19.95502885003298), (20.09288214108117, 9.985299640704719), (14.861939691444688, 19.841058601060688), (10.717785583788473, 2.223396109709733), (10.20435737920309, 10.065223434966446), (3.4563727442538954, 4.713790711823172)]
(14.861939691444688, 19.841058601060688) :  (12.924529032988593, 19.596725524886356)*[(0.024382182128688548, 0.08316466399541157), (4.654251263102464, 19.95502885003298), (20.09288214108117, 9.985299640704719), (14.861939691444688, 19.841058601060688), (10.717785583788473, 2.223396109709733), (10.20435737920309, 10.065223434966446), (3.4563727442538954, 4.713790711823172)]
(14.861939691444688, 19.841058601060688) :  (13.12176022934312, 18.448323825628346)*[(0.024382182128688548, 0.08316466399541157), (4.654251263102464, 19.95502885003298), (20.09288214108117, 9.985299640704719), (14.861939691444688, 19.841058601060688), (10.717785583788473, 2.223396109709733), (10.20435737920309, 10.065223434966446), (3.4563727442538954, 4.713790711823172)]
(14.861939691444688, 19.841058601060688) :  (13.23164380297553, 19.10319928899067)*[(0.024382182128688548, 0.08316466399541157), (4.654251263102464, 19.95502885003298), (20.09288214108117, 9.985299640704719), (14.861939691444688, 19.841058601060688), (10.717785583788473, 2.223396109709733), (10.20435737920309, 10.065223434966446), (3.4563727442538954, 4.713790711823172)]
(14.861939691444688, 19.841058601060688) :  (13.278537748554418, 18.29793991904741)*[(0.024382182128688548, 0.08316466399541157), (4.654251263102464, 19.95502885003298), (20.09288214108117, 9.985299640704719), (14.861939691444688, 19.841058601060688), (10.717785583788473, 2.223396109709733), (10.20435737920309, 10.065223434966446), (3.4563727442538954, 4.713790711823172)]
(14.861939691444688, 19.841058601060688) :  (13.285175173376585, 18.117163981066728)*[(0.024382182128688548, 0.08316466399541157), (4.654251263102464, 19.95502885003298), (20.09288214108117, 9.985299640704719), (14.861939691444688, 19.841058601060688), (10.717785583788473, 2.223396109709733), (10.20435737920309, 10.065223434966446), (3.4563727442538954, 4.713790711823172)]
(14.861939691444688, 19.841058601060688) :  (13.340021773563286, 19.550612272539418)*[(0.024382182128688548, 0.08316466399541157), (4.654251263102464, 19.95502885003298), (20.09288214108117, 9.985299640704719), (14.861939691444688, 19.841058601060688), (10.717785583788473, 2.223396109709733), (10.20435737920309, 10.065223434966446), (3.4563727442538954, 4.713790711823172)]
(14.861939691444688, 19.841058601060688) :  (13.35220666889764, 17.727264797811845)*[(0.024382182128688548, 0.08316466399541157), (4.654251263102464, 19.95502885003298), (20.09288214108117, 9.985299640704719), (14.861939691444688, 19.841058601060688), (10.717785583788473, 2.223396109709733), (10.20435737920309, 10.065223434966446), (3.4563727442538954, 4.713790711823172)]
(14.861939691444688, 19.841058601060688) :  (13.38149088799826, 18.9594422737836)*[(0.024382182128688548, 0.08316466399541157), (4.654251263102464, 19.95502885003298), (20.09288214108117, 9.985299640704719), (14.861939691444688, 19.841058601060688), (10.717785583788473, 2.223396109709733), (10.20435737920309, 10.065223434966446), (3.4563727442538954, 4.713790711823172)]
(14.861939691444688, 19.841058601060688) :  (13.649813636369927, 17.46113139108115)*[(0.024382182128688548, 0.08316466399541157), (4.654251263102464, 19.95502885003298), (20.09288214108117, 9.985299640704719), (14.861939691444688, 19.841058601060688), (10.717785583788473, 2.223396109709733), (10.20435737920309, 10.065223434966446), (3.4563727442538954, 4.713790711823172)]
(14.861939691444688, 19.841058601060688) :  (13.762335415130938, 19.352303191934876)*[(0.024382182128688548, 0.08316466399541157), (4.654251263102464, 19.95502885003298), (20.09288214108117, 9.985299640704719), (14.861939691444688, 19.841058601060688), (10.717785583788473, 2.223396109709733), (10.20435737920309, 10.065223434966446), (3.4563727442538954, 4.713790711823172)]
(14.861939691444688, 19.841058601060688) :  (13.780257976450253, 18.495803269729493)*[(0.024382182128688548, 0.08316466399541157), (4.654251263102464, 19.95502885003298), (20.09288214108117, 9.985299640704719), (14.861939691444688, 19.841058601060688), (10.717785583788473, 2.223396109709733), (10.20435737920309, 10.065223434966446), (3.4563727442538954, 4.713790711823172)]
(14.861939691444688, 19.841058601060688) :  (13.803736131068144, 17.954611667981254)*[(0.024382182128688548, 0.08316466399541157), (4.654251263102464, 19.95502885003298), (20.09288214108117, 9.985299640704719), (14.861939691444688, 19.841058601060688), (10.717785583788473, 2.223396109709733), (10.20435737920309, 10.065223434966446), (3.4563727442538954, 4.713790711823172)]
(14.861939691444688, 19.841058601060688) :  (13.80687522023817, 20.413106310689262)*[(0.024382182128688548, 0.08316466399541157), (4.654251263102464, 19.95502885003298), (20.09288214108117, 9.985299640704719), (14.861939691444688, 19.841058601060688), (10.717785583788473, 2.223396109709733), (10.20435737920309, 10.065223434966446), (3.4563727442538954, 4.713790711823172)]
(14.861939691444688, 19.841058601060688) :  (13.829734813646777, 19.84717045141912)*[(0.024382182128688548, 0.08316466399541157), (4.654251263102464, 19.95502885003298), (20.09288214108117, 9.985299640704719), (14.861939691444688, 19.841058601060688), (10.717785583788473, 2.223396109709733), (10.20435737920309, 10.065223434966446), (3.4563727442538954, 4.713790711823172)]
(14.861939691444688, 19.841058601060688) :  (13.867602400958173, 17.623040784229246)*[(0.024382182128688548, 0.08316466399541157), (4.654251263102464, 19.95502885003298), (20.09288214108117, 9.985299640704719), (14.861939691444688, 19.841058601060688), (10.717785583788473, 2.223396109709733), (10.20435737920309, 10.065223434966446), (3.4563727442538954, 4.713790711823172)]
(14.861939691444688, 19.841058601060688) :  (13.91618905893395, 20.03706042492127)*[(0.024382182128688548, 0.08316466399541157), (4.654251263102464, 19.95502885003298), (20.09288214108117, 9.985299640704719), (14.861939691444688, 19.841058601060688), (10.717785583788473, 2.223396109709733), (10.20435737920309, 10.065223434966446), (3.4563727442538954, 4.713790711823172)]
(14.861939691444688, 19.841058601060688) :  (13.965287584237782, 19.410000038080696)*[(0.024382182128688548, 0.08316466399541157), (4.654251263102464, 19.95502885003298), (20.09288214108117, 9.985299640704719), (14.861939691444688, 19.841058601060688), (10.717785583788473, 2.223396109709733), (10.20435737920309, 10.065223434966446), (3.4563727442538954, 4.713790711823172)]
(14.861939691444688, 19.841058601060688) :  (14.061367843588403, 19.98117641308549)*[(0.024382182128688548, 0.08316466399541157), (4.654251263102464, 19.95502885003298), (20.09288214108117, 9.985299640704719), (14.861939691444688, 19.841058601060688), (10.717785583788473, 2.223396109709733), (10.20435737920309, 10.065223434966446), (3.4563727442538954, 4.713790711823172)]
(14.861939691444688, 19.841058601060688) :  (14.32434734280923, 17.684755723596307)*[(0.024382182128688548, 0.08316466399541157), (4.654251263102464, 19.95502885003298), (20.09288214108117, 9.985299640704719), (14.861939691444688, 19.841058601060688), (10.717785583788473, 2.223396109709733), (10.20435737920309, 10.065223434966446), (3.4563727442538954, 4.713790711823172)]
(14.861939691444688, 19.841058601060688) :  (14.396241805060829, 17.689764560707452)*[(0.024382182128688548, 0.08316466399541157), (4.654251263102464, 19.95502885003298), (20.09288214108117, 9.985299640704719), (14.861939691444688, 19.841058601060688), (10.717785583788473, 2.223396109709733), (10.20435737920309, 10.065223434966446), (3.4563727442538954, 4.713790711823172)]
(14.861939691444688, 19.841058601060688) :  (14.490700253585263, 19.126635141209125)*[(0.024382182128688548, 0.08316466399541157), (4.654251263102464, 19.95502885003298), (20.09288214108117, 9.985299640704719), (14.861939691444688, 19.841058601060688), (10.717785583788473, 2.223396109709733), (10.20435737920309, 10.065223434966446), (3.4563727442538954, 4.713790711823172)]
(14.861939691444688, 19.841058601060688) :  (14.799002673089646, 17.561895496475497)*[(0.024382182128688548, 0.08316466399541157), (4.654251263102464, 19.95502885003298), (20.09288214108117, 9.985299640704719), (14.861939691444688, 19.841058601060688), (10.717785583788473, 2.223396109709733), (10.20435737920309, 10.065223434966446), (3.4563727442538954, 4.713790711823172)]
(14.861939691444688, 19.841058601060688) :  (14.80039001356563, 20.42219856388351)*[(0.024382182128688548, 0.08316466399541157), (4.654251263102464, 19.95502885003298), (20.09288214108117, 9.985299640704719), (14.861939691444688, 19.841058601060688), (10.717785583788473, 2.223396109709733), (10.20435737920309, 10.065223434966446), (3.4563727442538954, 4.713790711823172)]
(14.861939691444688, 19.841058601060688) :  (14.838023678514842, 18.761477333828587)*[(0.024382182128688548, 0.08316466399541157), (4.654251263102464, 19.95502885003298), (20.09288214108117, 9.985299640704719), (14.861939691444688, 19.841058601060688), (10.717785583788473, 2.223396109709733), (10.20435737920309, 10.065223434966446), (3.4563727442538954, 4.713790711823172)]
(14.861939691444688, 19.841058601060688) :  (14.921129800769453, 18.21416373817447)*[(0.024382182128688548, 0.08316466399541157), (4.654251263102464, 19.95502885003298), (20.09288214108117, 9.985299640704719), (14.861939691444688, 19.841058601060688), (10.717785583788473, 2.223396109709733), (10.20435737920309, 10.065223434966446), (3.4563727442538954, 4.713790711823172)]
(14.861939691444688, 19.841058601060688) :  (14.958152950830996, 18.74579086655008)*[(0.024382182128688548, 0.08316466399541157), (4.654251263102464, 19.95502885003298), (20.09288214108117, 9.985299640704719), (14.861939691444688, 19.841058601060688), (10.717785583788473, 2.223396109709733), (10.20435737920309, 10.065223434966446), (3.4563727442538954, 4.713790711823172)]
(14.861939691444688, 19.841058601060688) :  (15.014560853973222, 18.076766781062812)*[(0.024382182128688548, 0.08316466399541157), (4.654251263102464, 19.95502885003298), (20.09288214108117, 9.985299640704719), (14.861939691444688, 19.841058601060688), (10.717785583788473, 2.223396109709733), (10.20435737920309, 10.065223434966446), (3.4563727442538954, 4.713790711823172)]
(14.861939691444688, 19.841058601060688) :  (15.159490764963603, 19.595621756150997)*[(0.024382182128688548, 0.08316466399541157), (4.654251263102464, 19.95502885003298), (20.09288214108117, 9.985299640704719), (14.861939691444688, 19.841058601060688), (10.717785583788473, 2.223396109709733), (10.20435737920309, 10.065223434966446), (3.4563727442538954, 4.713790711823172)]
(14.861939691444688, 19.841058601060688) :  (15.21013322412051, 21.568007842229044)*[(0.024382182128688548, 0.08316466399541157), (4.654251263102464, 19.95502885003298), (20.09288214108117, 9.985299640704719), (14.861939691444688, 19.841058601060688), (10.717785583788473, 2.223396109709733), (10.20435737920309, 10.065223434966446), (3.4563727442538954, 4.713790711823172)]
(14.861939691444688, 19.841058601060688) :  (15.253347269497949, 19.134945867356176)*[(0.024382182128688548, 0.08316466399541157), (4.654251263102464, 19.95502885003298), (20.09288214108117, 9.985299640704719), (14.861939691444688, 19.841058601060688), (10.717785583788473, 2.223396109709733), (10.20435737920309, 10.065223434966446), (3.4563727442538954, 4.713790711823172)]
(14.861939691444688, 19.841058601060688) :  (15.35633699811739, 19.786337568677826)*[(0.024382182128688548, 0.08316466399541157), (4.654251263102464, 19.95502885003298), (20.09288214108117, 9.985299640704719), (14.861939691444688, 19.841058601060688), (10.717785583788473, 2.223396109709733), (10.20435737920309, 10.065223434966446), (3.4563727442538954, 4.713790711823172)]
(14.861939691444688, 19.841058601060688) :  (15.499568836116392, 21.133780075763838)*[(0.024382182128688548, 0.08316466399541157), (4.654251263102464, 19.95502885003298), (20.09288214108117, 9.985299640704719), (14.861939691444688, 19.841058601060688), (10.717785583788473, 2.223396109709733), (10.20435737920309, 10.065223434966446), (3.4563727442538954, 4.713790711823172)]
(14.861939691444688, 19.841058601060688) :  (15.562887519957046, 18.48230682632217)*[(0.024382182128688548, 0.08316466399541157), (4.654251263102464, 19.95502885003298), (20.09288214108117, 9.985299640704719), (14.861939691444688, 19.841058601060688), (10.717785583788473, 2.223396109709733), (10.20435737920309, 10.065223434966446), (3.4563727442538954, 4.713790711823172)]
(14.861939691444688, 19.841058601060688) :  (15.56306664783407, 20.452932176120562)*[(0.024382182128688548, 0.08316466399541157), (4.654251263102464, 19.95502885003298), (20.09288214108117, 9.985299640704719), (14.861939691444688, 19.841058601060688), (10.717785583788473, 2.223396109709733), (10.20435737920309, 10.065223434966446), (3.4563727442538954, 4.713790711823172)]
(14.861939691444688, 19.841058601060688) :  (15.615396899988111, 19.06484032359254)*[(0.024382182128688548, 0.08316466399541157), (4.654251263102464, 19.95502885003298), (20.09288214108117, 9.985299640704719), (14.861939691444688, 19.841058601060688), (10.717785583788473, 2.223396109709733), (10.20435737920309, 10.065223434966446), (3.4563727442538954, 4.713790711823172)]
(14.861939691444688, 19.841058601060688) :  (15.731327729716572, 19.239812379628113)*[(0.024382182128688548, 0.08316466399541157), (4.654251263102464, 19.95502885003298), (20.09288214108117, 9.985299640704719), (14.861939691444688, 19.841058601060688), (10.717785583788473, 2.223396109709733), (10.20435737920309, 10.065223434966446), (3.4563727442538954, 4.713790711823172)]
(14.861939691444688, 19.841058601060688) :  (15.749891197240004, 21.40477291682025)*[(0.024382182128688548, 0.08316466399541157), (4.654251263102464, 19.95502885003298), (20.09288214108117, 9.985299640704719), (14.861939691444688, 19.841058601060688), (10.717785583788473, 2.223396109709733), (10.20435737920309, 10.065223434966446), (3.4563727442538954, 4.713790711823172)]
(14.861939691444688, 19.841058601060688) :  (15.781532956185174, 19.272059649988854)*[(0.024382182128688548, 0.08316466399541157), (4.654251263102464, 19.95502885003298), (20.09288214108117, 9.985299640704719), (14.861939691444688, 19.841058601060688), (10.717785583788473, 2.223396109709733), (10.20435737920309, 10.065223434966446), (3.4563727442538954, 4.713790711823172)]
(14.861939691444688, 19.841058601060688) :  (15.893524489278455, 18.35852724417068)*[(0.024382182128688548, 0.08316466399541157), (4.654251263102464, 19.95502885003298), (20.09288214108117, 9.985299640704719), (14.861939691444688, 19.841058601060688), (10.717785583788473, 2.223396109709733), (10.20435737920309, 10.065223434966446), (3.4563727442538954, 4.713790711823172)]
(14.861939691444688, 19.841058601060688) :  (15.941492983906633, 18.011821599248716)*[(0.024382182128688548, 0.08316466399541157), (4.654251263102464, 19.95502885003298), (20.09288214108117, 9.985299640704719), (14.861939691444688, 19.841058601060688), (10.717785583788473, 2.223396109709733), (10.20435737920309, 10.065223434966446), (3.4563727442538954, 4.713790711823172)]
(14.861939691444688, 19.841058601060688) :  (15.946972647797436, 19.378954923318908)*[(0.024382182128688548, 0.08316466399541157), (4.654251263102464, 19.95502885003298), (20.09288214108117, 9.985299640704719), (14.861939691444688, 19.841058601060688), (10.717785583788473, 2.223396109709733), (10.20435737920309, 10.065223434966446), (3.4563727442538954, 4.713790711823172)]
(14.861939691444688, 19.841058601060688) :  (15.988316236907599, 21.62162820685669)*[(0.024382182128688548, 0.08316466399541157), (4.654251263102464, 19.95502885003298), (20.09288214108117, 9.985299640704719), (14.861939691444688, 19.841058601060688), (10.717785583788473, 2.223396109709733), (10.20435737920309, 10.065223434966446), (3.4563727442538954, 4.713790711823172)]
(14.861939691444688, 19.841058601060688) :  (15.998700139264542, 20.271985006271933)*[(0.024382182128688548, 0.08316466399541157), (4.654251263102464, 19.95502885003298), (20.09288214108117, 9.985299640704719), (14.861939691444688, 19.841058601060688), (10.717785583788473, 2.223396109709733), (10.20435737920309, 10.065223434966446), (3.4563727442538954, 4.713790711823172)]
(14.861939691444688, 19.841058601060688) :  (16.15120707118655, 18.96649195381188)*[(0.024382182128688548, 0.08316466399541157), (4.654251263102464, 19.95502885003298), (20.09288214108117, 9.985299640704719), (14.861939691444688, 19.841058601060688), (10.717785583788473, 2.223396109709733), (10.20435737920309, 10.065223434966446), (3.4563727442538954, 4.713790711823172)]
(14.861939691444688, 19.841058601060688) :  (16.16183193292205, 18.029546654425303)*[(0.024382182128688548, 0.08316466399541157), (4.654251263102464, 19.95502885003298), (20.09288214108117, 9.985299640704719), (14.861939691444688, 19.841058601060688), (10.717785583788473, 2.223396109709733), (10.20435737920309, 10.065223434966446), (3.4563727442538954, 4.713790711823172)]
(14.861939691444688, 19.841058601060688) :  (16.18506664026961, 20.72498516172425)*[(0.024382182128688548, 0.08316466399541157), (4.654251263102464, 19.95502885003298), (20.09288214108117, 9.985299640704719), (14.861939691444688, 19.841058601060688), (10.717785583788473, 2.223396109709733), (10.20435737920309, 10.065223434966446), (3.4563727442538954, 4.713790711823172)]
(14.861939691444688, 19.841058601060688) :  (16.253498965451726, 20.313802105806605)*[(0.024382182128688548, 0.08316466399541157), (4.654251263102464, 19.95502885003298), (20.09288214108117, 9.985299640704719), (14.861939691444688, 19.841058601060688), (10.717785583788473, 2.223396109709733), (10.20435737920309, 10.065223434966446), (3.4563727442538954, 4.713790711823172)]
(20.09288214108117, 9.985299640704719) :  (17.10195032682829, 10.475468163157077)*[(0.024382182128688548, 0.08316466399541157), (4.654251263102464, 19.95502885003298), (20.09288214108117, 9.985299640704719), (14.861939691444688, 19.841058601060688), (10.717785583788473, 2.223396109709733), (10.20435737920309, 10.065223434966446), (3.4563727442538954, 4.713790711823172)]
(20.09288214108117, 9.985299640704719) :  (17.154769457514547, 9.051183094297755)*[(0.024382182128688548, 0.08316466399541157), (4.654251263102464, 19.95502885003298), (20.09288214108117, 9.985299640704719), (14.861939691444688, 19.841058601060688), (10.717785583788473, 2.223396109709733), (10.20435737920309, 10.065223434966446), (3.4563727442538954, 4.713790711823172)]
(20.09288214108117, 9.985299640704719) :  (17.219072162799982, 9.151437387034768)*[(0.024382182128688548, 0.08316466399541157), (4.654251263102464, 19.95502885003298), (20.09288214108117, 9.985299640704719), (14.861939691444688, 19.841058601060688), (10.717785583788473, 2.223396109709733), (10.20435737920309, 10.065223434966446), (3.4563727442538954, 4.713790711823172)]
(20.09288214108117, 9.985299640704719) :  (17.22704177434458, 10.396799992063999)*[(0.024382182128688548, 0.08316466399541157), (4.654251263102464, 19.95502885003298), (20.09288214108117, 9.985299640704719), (14.861939691444688, 19.841058601060688), (10.717785583788473, 2.223396109709733), (10.20435737920309, 10.065223434966446), (3.4563727442538954, 4.713790711823172)]
(20.09288214108117, 9.985299640704719) :  (17.44527666857903, 8.72491813771325)*[(0.024382182128688548, 0.08316466399541157), (4.654251263102464, 19.95502885003298), (20.09288214108117, 9.985299640704719), (14.861939691444688, 19.841058601060688), (10.717785583788473, 2.223396109709733), (10.20435737920309, 10.065223434966446), (3.4563727442538954, 4.713790711823172)]
(20.09288214108117, 9.985299640704719) :  (17.46664746941932, 10.668019361729145)*[(0.024382182128688548, 0.08316466399541157), (4.654251263102464, 19.95502885003298), (20.09288214108117, 9.985299640704719), (14.861939691444688, 19.841058601060688), (10.717785583788473, 2.223396109709733), (10.20435737920309, 10.065223434966446), (3.4563727442538954, 4.713790711823172)]
(20.09288214108117, 9.985299640704719) :  (17.62305885628973, 10.792592247337875)*[(0.024382182128688548, 0.08316466399541157), (4.654251263102464, 19.95502885003298), (20.09288214108117, 9.985299640704719), (14.861939691444688, 19.841058601060688), (10.717785583788473, 2.223396109709733), (10.20435737920309, 10.065223434966446), (3.4563727442538954, 4.713790711823172)]
(20.09288214108117, 9.985299640704719) :  (17.653351962602493, 9.692792215611714)*[(0.024382182128688548, 0.08316466399541157), (4.654251263102464, 19.95502885003298), (20.09288214108117, 9.985299640704719), (14.861939691444688, 19.841058601060688), (10.717785583788473, 2.223396109709733), (10.20435737920309, 10.065223434966446), (3.4563727442538954, 4.713790711823172)]
(20.09288214108117, 9.985299640704719) :  (17.692958111043858, 9.962190332721141)*[(0.024382182128688548, 0.08316466399541157), (4.654251263102464, 19.95502885003298), (20.09288214108117, 9.985299640704719), (14.861939691444688, 19.841058601060688), (10.717785583788473, 2.223396109709733), (10.20435737920309, 10.065223434966446), (3.4563727442538954, 4.713790711823172)]
(20.09288214108117, 9.985299640704719) :  (17.750109857359615, 8.029192059242803)*[(0.024382182128688548, 0.08316466399541157), (4.654251263102464, 19.95502885003298), (20.09288214108117, 9.985299640704719), (14.861939691444688, 19.841058601060688), (10.717785583788473, 2.223396109709733), (10.20435737920309, 10.065223434966446), (3.4563727442538954, 4.713790711823172)]
(20.09288214108117, 9.985299640704719) :  (17.789268352905918, 8.63793112797921)*[(0.024382182128688548, 0.08316466399541157), (4.654251263102464, 19.95502885003298), (20.09288214108117, 9.985299640704719), (14.861939691444688, 19.841058601060688), (10.717785583788473, 2.223396109709733), (10.20435737920309, 10.065223434966446), (3.4563727442538954, 4.713790711823172)]
(20.09288214108117, 9.985299640704719) :  (17.845449303537066, 8.907078508114697)*[(0.024382182128688548, 0.08316466399541157), (4.654251263102464, 19.95502885003298), (20.09288214108117, 9.985299640704719), (14.861939691444688, 19.841058601060688), (10.717785583788473, 2.223396109709733), (10.20435737920309, 10.065223434966446), (3.4563727442538954, 4.713790711823172)]
(20.09288214108117, 9.985299640704719) :  (17.86221583381562, 9.04931150919279)*[(0.024382182128688548, 0.08316466399541157), (4.654251263102464, 19.95502885003298), (20.09288214108117, 9.985299640704719), (14.861939691444688, 19.841058601060688), (10.717785583788473, 2.223396109709733), (10.20435737920309, 10.065223434966446), (3.4563727442538954, 4.713790711823172)]
(20.09288214108117, 9.985299640704719) :  (17.878818247753827, 9.930721805370023)*[(0.024382182128688548, 0.08316466399541157), (4.654251263102464, 19.95502885003298), (20.09288214108117, 9.985299640704719), (14.861939691444688, 19.841058601060688), (10.717785583788473, 2.223396109709733), (10.20435737920309, 10.065223434966446), (3.4563727442538954, 4.713790711823172)]
(20.09288214108117, 9.985299640704719) :  (17.91225303051169, 7.866508312084594)*[(0.024382182128688548, 0.08316466399541157), (4.654251263102464, 19.95502885003298), (20.09288214108117, 9.985299640704719), (14.861939691444688, 19.841058601060688), (10.717785583788473, 2.223396109709733), (10.20435737920309, 10.065223434966446), (3.4563727442538954, 4.713790711823172)]
(20.09288214108117, 9.985299640704719) :  (18.042972155210578, 10.260460662673006)*[(0.024382182128688548, 0.08316466399541157), (4.654251263102464, 19.95502885003298), (20.09288214108117, 9.985299640704719), (14.861939691444688, 19.841058601060688), (10.717785583788473, 2.223396109709733), (10.20435737920309, 10.065223434966446), (3.4563727442538954, 4.713790711823172)]
(20.09288214108117, 9.985299640704719) :  (18.043779331080046, 12.13415086050194)*[(0.024382182128688548, 0.08316466399541157), (4.654251263102464, 19.95502885003298), (20.09288214108117, 9.985299640704719), (14.861939691444688, 19.841058601060688), (10.717785583788473, 2.223396109709733), (10.20435737920309, 10.065223434966446), (3.4563727442538954, 4.713790711823172)]
(20.09288214108117, 9.985299640704719) :  (18.05202086146851, 10.572214344753057)*[(0.024382182128688548, 0.08316466399541157), (4.654251263102464, 19.95502885003298), (20.09288214108117, 9.985299640704719), (14.861939691444688, 19.841058601060688), (10.717785583788473, 2.223396109709733), (10.20435737920309, 10.065223434966446), (3.4563727442538954, 4.713790711823172)]
(20.09288214108117, 9.985299640704719) :  (18.086973643662592, 10.196941204332617)*[(0.024382182128688548, 0.08316466399541157), (4.654251263102464, 19.95502885003298), (20.09288214108117, 9.985299640704719), (14.861939691444688, 19.841058601060688), (10.717785583788473, 2.223396109709733), (10.20435737920309, 10.065223434966446), (3.4563727442538954, 4.713790711823172)]
(20.09288214108117, 9.985299640704719) :  (18.1350464494086, 9.46691235348376)*[(0.024382182128688548, 0.08316466399541157), (4.654251263102464, 19.95502885003298), (20.09288214108117, 9.985299640704719), (14.861939691444688, 19.841058601060688), (10.717785583788473, 2.223396109709733), (10.20435737920309, 10.065223434966446), (3.4563727442538954, 4.713790711823172)]
(20.09288214108117, 9.985299640704719) :  (18.18748261939494, 10.389878325722426)*[(0.024382182128688548, 0.08316466399541157), (4.654251263102464, 19.95502885003298), (20.09288214108117, 9.985299640704719), (14.861939691444688, 19.841058601060688), (10.717785583788473, 2.223396109709733), (10.20435737920309, 10.065223434966446), (3.4563727442538954, 4.713790711823172)]
(20.09288214108117, 9.985299640704719) :  (18.230093661757387, 10.913540010116149)*[(0.024382182128688548, 0.08316466399541157), (4.654251263102464, 19.95502885003298), (20.09288214108117, 9.985299640704719), (14.861939691444688, 19.841058601060688), (10.717785583788473, 2.223396109709733), (10.20435737920309, 10.065223434966446), (3.4563727442538954, 4.713790711823172)]
(20.09288214108117, 9.985299640704719) :  (18.301999882351108, 11.336009649258326)*[(0.024382182128688548, 0.08316466399541157), (4.654251263102464, 19.95502885003298), (20.09288214108117, 9.985299640704719), (14.861939691444688, 19.841058601060688), (10.717785583788473, 2.223396109709733), (10.20435737920309, 10.065223434966446), (3.4563727442538954, 4.713790711823172)]
(20.09288214108117, 9.985299640704719) :  (18.31147358025092, 10.39583054711632)*[(0.024382182128688548, 0.08316466399541157), (4.654251263102464, 19.95502885003298), (20.09288214108117, 9.985299640704719), (14.861939691444688, 19.841058601060688), (10.717785583788473, 2.223396109709733), (10.20435737920309, 10.065223434966446), (3.4563727442538954, 4.713790711823172)]
(20.09288214108117, 9.985299640704719) :  (18.50452608262023, 8.417304879228004)*[(0.024382182128688548, 0.08316466399541157), (4.654251263102464, 19.95502885003298), (20.09288214108117, 9.985299640704719), (14.861939691444688, 19.841058601060688), (10.717785583788473, 2.223396109709733), (10.20435737920309, 10.065223434966446), (3.4563727442538954, 4.713790711823172)]
(20.09288214108117, 9.985299640704719) :  (18.50751766378304, 11.456884164921881)*[(0.024382182128688548, 0.08316466399541157), (4.654251263102464, 19.95502885003298), (20.09288214108117, 9.985299640704719), (14.861939691444688, 19.841058601060688), (10.717785583788473, 2.223396109709733), (10.20435737920309, 10.065223434966446), (3.4563727442538954, 4.713790711823172)]
(20.09288214108117, 9.985299640704719) :  (18.623831485191396, 7.438114550287016)*[(0.024382182128688548, 0.08316466399541157), (4.654251263102464, 19.95502885003298), (20.09288214108117, 9.985299640704719), (14.861939691444688, 19.841058601060688), (10.717785583788473, 2.223396109709733), (10.20435737920309, 10.065223434966446), (3.4563727442538954, 4.713790711823172)]
(20.09288214108117, 9.985299640704719) :  (18.643659617240704, 9.496367131068478)*[(0.024382182128688548, 0.08316466399541157), (4.654251263102464, 19.95502885003298), (20.09288214108117, 9.985299640704719), (14.861939691444688, 19.841058601060688), (10.717785583788473, 2.223396109709733), (10.20435737920309, 10.065223434966446), (3.4563727442538954, 4.713790711823172)]
(20.09288214108117, 9.985299640704719) :  (18.81008362811744, 10.365549373196634)*[(0.024382182128688548, 0.08316466399541157), (4.654251263102464, 19.95502885003298), (20.09288214108117, 9.985299640704719), (14.861939691444688, 19.841058601060688), (10.717785583788473, 2.223396109709733), (10.20435737920309, 10.065223434966446), (3.4563727442538954, 4.713790711823172)]
(20.09288214108117, 9.985299640704719) :  (18.86228552879457, 10.04748263369674)*[(0.024382182128688548, 0.08316466399541157), (4.654251263102464, 19.95502885003298), (20.09288214108117, 9.985299640704719), (14.861939691444688, 19.841058601060688), (10.717785583788473, 2.223396109709733), (10.20435737920309, 10.065223434966446), (3.4563727442538954, 4.713790711823172)]
(20.09288214108117, 9.985299640704719) :  (18.873260287199425, 10.274354213071648)*[(0.024382182128688548, 0.08316466399541157), (4.654251263102464, 19.95502885003298), (20.09288214108117, 9.985299640704719), (14.861939691444688, 19.841058601060688), (10.717785583788473, 2.223396109709733), (10.20435737920309, 10.065223434966446), (3.4563727442538954, 4.713790711823172)]
(20.09288214108117, 9.985299640704719) :  (18.901643152064512, 10.460537313065508)*[(0.024382182128688548, 0.08316466399541157), (4.654251263102464, 19.95502885003298), (20.09288214108117, 9.985299640704719), (14.861939691444688, 19.841058601060688), (10.717785583788473, 2.223396109709733), (10.20435737920309, 10.065223434966446), (3.4563727442538954, 4.713790711823172)]
(20.09288214108117, 9.985299640704719) :  (18.920693398539015, 12.384943316256496)*[(0.024382182128688548, 0.08316466399541157), (4.654251263102464, 19.95502885003298), (20.09288214108117, 9.985299640704719), (14.861939691444688, 19.841058601060688), (10.717785583788473, 2.223396109709733), (10.20435737920309, 10.065223434966446), (3.4563727442538954, 4.713790711823172)]
(20.09288214108117, 9.985299640704719) :  (19.064823930583465, 11.97650727749414)*[(0.024382182128688548, 0.08316466399541157), (4.654251263102464, 19.95502885003298), (20.09288214108117, 9.985299640704719), (14.861939691444688, 19.841058601060688), (10.717785583788473, 2.223396109709733), (10.20435737920309, 10.065223434966446), (3.4563727442538954, 4.713790711823172)]
(20.09288214108117, 9.985299640704719) :  (19.0828500521869, 7.310684011141692)*[(0.024382182128688548, 0.08316466399541157), (4.654251263102464, 19.95502885003298), (20.09288214108117, 9.985299640704719), (14.861939691444688, 19.841058601060688), (10.717785583788473, 2.223396109709733), (10.20435737920309, 10.065223434966446), (3.4563727442538954, 4.713790711823172)]
(20.09288214108117, 9.985299640704719) :  (19.178311536598212, 10.90543735903433)*[(0.024382182128688548, 0.08316466399541157), (4.654251263102464, 19.95502885003298), (20.09288214108117, 9.985299640704719), (14.861939691444688, 19.841058601060688), (10.717785583788473, 2.223396109709733), (10.20435737920309, 10.065223434966446), (3.4563727442538954, 4.713790711823172)]
(20.09288214108117, 9.985299640704719) :  (19.27825110844714, 10.606543420106874)*[(0.024382182128688548, 0.08316466399541157), (4.654251263102464, 19.95502885003298), (20.09288214108117, 9.985299640704719), (14.861939691444688, 19.841058601060688), (10.717785583788473, 2.223396109709733), (10.20435737920309, 10.065223434966446), (3.4563727442538954, 4.713790711823172)]
(20.09288214108117, 9.985299640704719) :  (19.313975485464095, 9.408915162987885)*[(0.024382182128688548, 0.08316466399541157), (4.654251263102464, 19.95502885003298), (20.09288214108117, 9.985299640704719), (14.861939691444688, 19.841058601060688), (10.717785583788473, 2.223396109709733), (10.20435737920309, 10.065223434966446), (3.4563727442538954, 4.713790711823172)]
(20.09288214108117, 9.985299640704719) :  (19.33348694709458, 12.631481074028054)*[(0.024382182128688548, 0.08316466399541157), (4.654251263102464, 19.95502885003298), (20.09288214108117, 9.985299640704719), (14.861939691444688, 19.841058601060688), (10.717785583788473, 2.223396109709733), (10.20435737920309, 10.065223434966446), (3.4563727442538954, 4.713790711823172)]
(20.09288214108117, 9.985299640704719) :  (19.437550613907362, 11.233445802921937)*[(0.024382182128688548, 0.08316466399541157), (4.654251263102464, 19.95502885003298), (20.09288214108117, 9.985299640704719), (14.861939691444688, 19.841058601060688), (10.717785583788473, 2.223396109709733), (10.20435737920309, 10.065223434966446), (3.4563727442538954, 4.713790711823172)]
(20.09288214108117, 9.985299640704719) :  (19.499178488547564, 9.67786264448336)*[(0.024382182128688548, 0.08316466399541157), (4.654251263102464, 19.95502885003298), (20.09288214108117, 9.985299640704719), (14.861939691444688, 19.841058601060688), (10.717785583788473, 2.223396109709733), (10.20435737920309, 10.065223434966446), (3.4563727442538954, 4.713790711823172)]
(20.09288214108117, 9.985299640704719) :  (19.6210826385472, 12.896622916032348)*[(0.024382182128688548, 0.08316466399541157), (4.654251263102464, 19.95502885003298), (20.09288214108117, 9.985299640704719), (14.861939691444688, 19.841058601060688), (10.717785583788473, 2.223396109709733), (10.20435737920309, 10.065223434966446), (3.4563727442538954, 4.713790711823172)]
(20.09288214108117, 9.985299640704719) :  (19.642832993963946, 10.682698936992049)*[(0.024382182128688548, 0.08316466399541157), (4.654251263102464, 19.95502885003298), (20.09288214108117, 9.985299640704719), (14.861939691444688, 19.841058601060688), (10.717785583788473, 2.223396109709733), (10.20435737920309, 10.065223434966446), (3.4563727442538954, 4.713790711823172)]
(20.09288214108117, 9.985299640704719) :  (19.66845455615537, 8.867644777548737)*[(0.024382182128688548, 0.08316466399541157), (4.654251263102464, 19.95502885003298), (20.09288214108117, 9.985299640704719), (14.861939691444688, 19.841058601060688), (10.717785583788473, 2.223396109709733), (10.20435737920309, 10.065223434966446), (3.4563727442538954, 4.713790711823172)]
(20.09288214108117, 9.985299640704719) :  (19.718254388801114, 10.477364851917622)*[(0.024382182128688548, 0.08316466399541157), (4.654251263102464, 19.95502885003298), (20.09288214108117, 9.985299640704719), (14.861939691444688, 19.841058601060688), (10.717785583788473, 2.223396109709733), (10.20435737920309, 10.065223434966446), (3.4563727442538954, 4.713790711823172)]
(20.09288214108117, 9.985299640704719) :  (19.88769647429088, 9.055445077593706)*[(0.024382182128688548, 0.08316466399541157), (4.654251263102464, 19.95502885003298), (20.09288214108117, 9.985299640704719), (14.861939691444688, 19.841058601060688), (10.717785583788473, 2.223396109709733), (10.20435737920309, 10.065223434966446), (3.4563727442538954, 4.713790711823172)]
(20.09288214108117, 9.985299640704719) :  (19.932238750803947, 11.065532226327576)*[(0.024382182128688548, 0.08316466399541157), (4.654251263102464, 19.95502885003298), (20.09288214108117, 9.985299640704719), (14.861939691444688, 19.841058601060688), (10.717785583788473, 2.223396109709733), (10.20435737920309, 10.065223434966446), (3.4563727442538954, 4.713790711823172)]
(20.09288214108117, 9.985299640704719) :  (19.97333459054506, 8.02210887667063)*[(0.024382182128688548, 0.08316466399541157), (4.654251263102464, 19.95502885003298), (20.09288214108117, 9.985299640704719), (14.861939691444688, 19.841058601060688), (10.717785583788473, 2.223396109709733), (10.20435737920309, 10.065223434966446), (3.4563727442538954, 4.713790711823172)]
(20.09288214108117, 9.985299640704719) :  (20.003472523073498, 10.060232082439942)*[(0.024382182128688548, 0.08316466399541157), (4.654251263102464, 19.95502885003298), (20.09288214108117, 9.985299640704719), (14.861939691444688, 19.841058601060688), (10.717785583788473, 2.223396109709733), (10.20435737920309, 10.065223434966446), (3.4563727442538954, 4.713790711823172)]
(20.09288214108117, 9.985299640704719) :  (20.019029862687123, 9.06584139483847)*[(0.024382182128688548, 0.08316466399541157), (4.654251263102464, 19.95502885003298), (20.09288214108117, 9.985299640704719), (14.861939691444688, 19.841058601060688), (10.717785583788473, 2.223396109709733), (10.20435737920309, 10.065223434966446), (3.4563727442538954, 4.713790711823172)]
(20.09288214108117, 9.985299640704719) :  (20.03827938971826, 11.499002723908836)*[(0.024382182128688548, 0.08316466399541157), (4.654251263102464, 19.95502885003298), (20.09288214108117, 9.985299640704719), (14.861939691444688, 19.841058601060688), (10.717785583788473, 2.223396109709733), (10.20435737920309, 10.065223434966446), (3.4563727442538954, 4.713790711823172)]
(20.09288214108117, 9.985299640704719) :  (20.150268105067322, 10.228542482265237)*[(0.024382182128688548, 0.08316466399541157), (4.654251263102464, 19.95502885003298), (20.09288214108117, 9.985299640704719), (14.861939691444688, 19.841058601060688), (10.717785583788473, 2.223396109709733), (10.20435737920309, 10.065223434966446), (3.4563727442538954, 4.713790711823172)]
(20.09288214108117, 9.985299640704719) :  (20.213295971157528, 8.957781920849984)*[(0.024382182128688548, 0.08316466399541157), (4.654251263102464, 19.95502885003298), (20.09288214108117, 9.985299640704719), (14.861939691444688, 19.841058601060688), (10.717785583788473, 2.223396109709733), (10.20435737920309, 10.065223434966446), (3.4563727442538954, 4.713790711823172)]
(20.09288214108117, 9.985299640704719) :  (20.30415626959447, 7.563096959665439)*[(0.024382182128688548, 0.08316466399541157), (4.654251263102464, 19.95502885003298), (20.09288214108117, 9.985299640704719), (14.861939691444688, 19.841058601060688), (10.717785583788473, 2.223396109709733), (10.20435737920309, 10.065223434966446), (3.4563727442538954, 4.713790711823172)]
(20.09288214108117, 9.985299640704719) :  (20.317536713893407, 12.587789632276728)*[(0.024382182128688548, 0.08316466399541157), (4.654251263102464, 19.95502885003298), (20.09288214108117, 9.985299640704719), (14.861939691444688, 19.841058601060688), (10.717785583788473, 2.223396109709733), (10.20435737920309, 10.065223434966446), (3.4563727442538954, 4.713790711823172)]
(20.09288214108117, 9.985299640704719) :  (20.41246891831495, 9.113714762244163)*[(0.024382182128688548, 0.08316466399541157), (4.654251263102464, 19.95502885003298), (20.09288214108117, 9.985299640704719), (14.861939691444688, 19.841058601060688), (10.717785583788473, 2.223396109709733), (10.20435737920309, 10.065223434966446), (3.4563727442538954, 4.713790711823172)]
(20.09288214108117, 9.985299640704719) :  (20.41870276288511, 11.748276737154258)*[(0.024382182128688548, 0.08316466399541157), (4.654251263102464, 19.95502885003298), (20.09288214108117, 9.985299640704719), (14.861939691444688, 19.841058601060688), (10.717785583788473, 2.223396109709733), (10.20435737920309, 10.065223434966446), (3.4563727442538954, 4.713790711823172)]
(20.09288214108117, 9.985299640704719) :  (20.495037763882713, 8.511458687714102)*[(0.024382182128688548, 0.08316466399541157), (4.654251263102464, 19.95502885003298), (20.09288214108117, 9.985299640704719), (14.861939691444688, 19.841058601060688), (10.717785583788473, 2.223396109709733), (10.20435737920309, 10.065223434966446), (3.4563727442538954, 4.713790711823172)]
(20.09288214108117, 9.985299640704719) :  (20.553941616162234, 10.076197403794236)*[(0.024382182128688548, 0.08316466399541157), (4.654251263102464, 19.95502885003298), (20.09288214108117, 9.985299640704719), (14.861939691444688, 19.841058601060688), (10.717785583788473, 2.223396109709733), (10.20435737920309, 10.065223434966446), (3.4563727442538954, 4.713790711823172)]
(20.09288214108117, 9.985299640704719) :  (20.668370303567166, 11.398330946922595)*[(0.024382182128688548, 0.08316466399541157), (4.654251263102464, 19.95502885003298), (20.09288214108117, 9.985299640704719), (14.861939691444688, 19.841058601060688), (10.717785583788473, 2.223396109709733), (10.20435737920309, 10.065223434966446), (3.4563727442538954, 4.713790711823172)]
(20.09288214108117, 9.985299640704719) :  (20.79737214079091, 10.366107278884076)*[(0.024382182128688548, 0.08316466399541157), (4.654251263102464, 19.95502885003298), (20.09288214108117, 9.985299640704719), (14.861939691444688, 19.841058601060688), (10.717785583788473, 2.223396109709733), (10.20435737920309, 10.065223434966446), (3.4563727442538954, 4.713790711823172)]
(20.09288214108117, 9.985299640704719) :  (20.813945756845076, 9.109411034166532)*[(0.024382182128688548, 0.08316466399541157), (4.654251263102464, 19.95502885003298), (20.09288214108117, 9.985299640704719), (14.861939691444688, 19.841058601060688), (10.717785583788473, 2.223396109709733), (10.20435737920309, 10.065223434966446), (3.4563727442538954, 4.713790711823172)]
(20.09288214108117, 9.985299640704719) :  (20.823932379606823, 11.392719205347529)*[(0.024382182128688548, 0.08316466399541157), (4.654251263102464, 19.95502885003298), (20.09288214108117, 9.985299640704719), (14.861939691444688, 19.841058601060688), (10.717785583788473, 2.223396109709733), (10.20435737920309, 10.065223434966446), (3.4563727442538954, 4.713790711823172)]
(20.09288214108117, 9.985299640704719) :  (20.912069294025862, 10.195306912118397)*[(0.024382182128688548, 0.08316466399541157), (4.654251263102464, 19.95502885003298), (20.09288214108117, 9.985299640704719), (14.861939691444688, 19.841058601060688), (10.717785583788473, 2.223396109709733), (10.20435737920309, 10.065223434966446), (3.4563727442538954, 4.713790711823172)]
(20.09288214108117, 9.985299640704719) :  (20.920699391942616, 7.436265989954584)*[(0.024382182128688548, 0.08316466399541157), (4.654251263102464, 19.95502885003298), (20.09288214108117, 9.985299640704719), (14.861939691444688, 19.841058601060688), (10.717785583788473, 2.223396109709733), (10.20435737920309, 10.065223434966446), (3.4563727442538954, 4.713790711823172)]
(20.09288214108117, 9.985299640704719) :  (20.933179236480306, 8.353679043567501)*[(0.024382182128688548, 0.08316466399541157), (4.654251263102464, 19.95502885003298), (20.09288214108117, 9.985299640704719), (14.861939691444688, 19.841058601060688), (10.717785583788473, 2.223396109709733), (10.20435737920309, 10.065223434966446), (3.4563727442538954, 4.713790711823172)]
(20.09288214108117, 9.985299640704719) :  (20.951211813723233, 8.865286442911192)*[(0.024382182128688548, 0.08316466399541157), (4.654251263102464, 19.95502885003298), (20.09288214108117, 9.985299640704719), (14.861939691444688, 19.841058601060688), (10.717785583788473, 2.223396109709733), (10.20435737920309, 10.065223434966446), (3.4563727442538954, 4.713790711823172)]
(20.09288214108117, 9.985299640704719) :  (21.071067376208077, 9.9022569214688)*[(0.024382182128688548, 0.08316466399541157), (4.654251263102464, 19.95502885003298), (20.09288214108117, 9.985299640704719), (14.861939691444688, 19.841058601060688), (10.717785583788473, 2.223396109709733), (10.20435737920309, 10.065223434966446), (3.4563727442538954, 4.713790711823172)]
(20.09288214108117, 9.985299640704719) :  (21.07491583609604, 10.556690938162129)*[(0.024382182128688548, 0.08316466399541157), (4.654251263102464, 19.95502885003298), (20.09288214108117, 9.985299640704719), (14.861939691444688, 19.841058601060688), (10.717785583788473, 2.223396109709733), (10.20435737920309, 10.065223434966446), (3.4563727442538954, 4.713790711823172)]
(20.09288214108117, 9.985299640704719) :  (21.12634701647364, 9.444882955637105)*[(0.024382182128688548, 0.08316466399541157), (4.654251263102464, 19.95502885003298), (20.09288214108117, 9.985299640704719), (14.861939691444688, 19.841058601060688), (10.717785583788473, 2.223396109709733), (10.20435737920309, 10.065223434966446), (3.4563727442538954, 4.713790711823172)]
(20.09288214108117, 9.985299640704719) :  (21.18920374455633, 8.195542517887391)*[(0.024382182128688548, 0.08316466399541157), (4.654251263102464, 19.95502885003298), (20.09288214108117, 9.985299640704719), (14.861939691444688, 19.841058601060688), (10.717785583788473, 2.223396109709733), (10.20435737920309, 10.065223434966446), (3.4563727442538954, 4.713790711823172)]
(20.09288214108117, 9.985299640704719) :  (21.32330612671394, 9.362757420679939)*[(0.024382182128688548, 0.08316466399541157), (4.654251263102464, 19.95502885003298), (20.09288214108117, 9.985299640704719), (14.861939691444688, 19.841058601060688), (10.717785583788473, 2.223396109709733), (10.20435737920309, 10.065223434966446), (3.4563727442538954, 4.713790711823172)]
(20.09288214108117, 9.985299640704719) :  (21.436175321293568, 12.196422655688767)*[(0.024382182128688548, 0.08316466399541157), (4.654251263102464, 19.95502885003298), (20.09288214108117, 9.985299640704719), (14.861939691444688, 19.841058601060688), (10.717785583788473, 2.223396109709733), (10.20435737920309, 10.065223434966446), (3.4563727442538954, 4.713790711823172)]
(20.09288214108117, 9.985299640704719) :  (21.66365541256469, 7.955602824235555)*[(0.024382182128688548, 0.08316466399541157), (4.654251263102464, 19.95502885003298), (20.09288214108117, 9.985299640704719), (14.861939691444688, 19.841058601060688), (10.717785583788473, 2.223396109709733), (10.20435737920309, 10.065223434966446), (3.4563727442538954, 4.713790711823172)]
(20.09288214108117, 9.985299640704719) :  (21.734881753638017, 12.009468238413339)*[(0.024382182128688548, 0.08316466399541157), (4.654251263102464, 19.95502885003298), (20.09288214108117, 9.985299640704719), (14.861939691444688, 19.841058601060688), (10.717785583788473, 2.223396109709733), (10.20435737920309, 10.065223434966446), (3.4563727442538954, 4.713790711823172)]
(20.09288214108117, 9.985299640704719) :  (21.772464030584636, 9.490855218392149)*[(0.024382182128688548, 0.08316466399541157), (4.654251263102464, 19.95502885003298), (20.09288214108117, 9.985299640704719), (14.861939691444688, 19.841058601060688), (10.717785583788473, 2.223396109709733), (10.20435737920309, 10.065223434966446), (3.4563727442538954, 4.713790711823172)]
(20.09288214108117, 9.985299640704719) :  (21.83237713842278, 8.56356045221569)*[(0.024382182128688548, 0.08316466399541157), (4.654251263102464, 19.95502885003298), (20.09288214108117, 9.985299640704719), (14.861939691444688, 19.841058601060688), (10.717785583788473, 2.223396109709733), (10.20435737920309, 10.065223434966446), (3.4563727442538954, 4.713790711823172)]
(20.09288214108117, 9.985299640704719) :  (21.85190642004704, 9.603066707989475)*[(0.024382182128688548, 0.08316466399541157), (4.654251263102464, 19.95502885003298), (20.09288214108117, 9.985299640704719), (14.861939691444688, 19.841058601060688), (10.717785583788473, 2.223396109709733), (10.20435737920309, 10.065223434966446), (3.4563727442538954, 4.713790711823172)]
(20.09288214108117, 9.985299640704719) :  (21.97202806420743, 11.083378380035215)*[(0.024382182128688548, 0.08316466399541157), (4.654251263102464, 19.95502885003298), (20.09288214108117, 9.985299640704719), (14.861939691444688, 19.841058601060688), (10.717785583788473, 2.223396109709733), (10.20435737920309, 10.065223434966446), (3.4563727442538954, 4.713790711823172)]
(20.09288214108117, 9.985299640704719) :  (22.02699784745466, 7.800025419695834)*[(0.024382182128688548, 0.08316466399541157), (4.654251263102464, 19.95502885003298), (20.09288214108117, 9.985299640704719), (14.861939691444688, 19.841058601060688), (10.717785583788473, 2.223396109709733), (10.20435737920309, 10.065223434966446), (3.4563727442538954, 4.713790711823172)]
(20.09288214108117, 9.985299640704719) :  (22.211447674887882, 8.492137183756093)*[(0.024382182128688548, 0.08316466399541157), (4.654251263102464, 19.95502885003298), (20.09288214108117, 9.985299640704719), (14.861939691444688, 19.841058601060688), (10.717785583788473, 2.223396109709733), (10.20435737920309, 10.065223434966446), (3.4563727442538954, 4.713790711823172)]
(20.09288214108117, 9.985299640704719) :  (22.33152045301208, 10.157557138465389)*[(0.024382182128688548, 0.08316466399541157), (4.654251263102464, 19.95502885003298), (20.09288214108117, 9.985299640704719), (14.861939691444688, 19.841058601060688), (10.717785583788473, 2.223396109709733), (10.20435737920309, 10.065223434966446), (3.4563727442538954, 4.713790711823172)]
(20.09288214108117, 9.985299640704719) :  (22.358322266834094, 10.942647770731915)*[(0.024382182128688548, 0.08316466399541157), (4.654251263102464, 19.95502885003298), (20.09288214108117, 9.985299640704719), (14.861939691444688, 19.841058601060688), (10.717785583788473, 2.223396109709733), (10.20435737920309, 10.065223434966446), (3.4563727442538954, 4.713790711823172)]
(20.09288214108117, 9.985299640704719) :  (22.372509686025776, 10.493595251682338)*[(0.024382182128688548, 0.08316466399541157), (4.654251263102464, 19.95502885003298), (20.09288214108117, 9.985299640704719), (14.861939691444688, 19.841058601060688), (10.717785583788473, 2.223396109709733), (10.20435737920309, 10.065223434966446), (3.4563727442538954, 4.713790711823172)]
(20.09288214108117, 9.985299640704719) :  (22.373062895917748, 8.70619880295393)*[(0.024382182128688548, 0.08316466399541157), (4.654251263102464, 19.95502885003298), (20.09288214108117, 9.985299640704719), (14.861939691444688, 19.841058601060688), (10.717785583788473, 2.223396109709733), (10.20435737920309, 10.065223434966446), (3.4563727442538954, 4.713790711823172)]
(20.09288214108117, 9.985299640704719) :  (22.38842796933309, 11.775504123968332)*[(0.024382182128688548, 0.08316466399541157), (4.654251263102464, 19.95502885003298), (20.09288214108117, 9.985299640704719), (14.861939691444688, 19.841058601060688), (10.717785583788473, 2.223396109709733), (10.20435737920309, 10.065223434966446), (3.4563727442538954, 4.713790711823172)]
(20.09288214108117, 9.985299640704719) :  (22.420880101602286, 8.657633050718124)*[(0.024382182128688548, 0.08316466399541157), (4.654251263102464, 19.95502885003298), (20.09288214108117, 9.985299640704719), (14.861939691444688, 19.841058601060688), (10.717785583788473, 2.223396109709733), (10.20435737920309, 10.065223434966446), (3.4563727442538954, 4.713790711823172)]
(20.09288214108117, 9.985299640704719) :  (22.425791380091297, 10.624400727841579)*[(0.024382182128688548, 0.08316466399541157), (4.654251263102464, 19.95502885003298), (20.09288214108117, 9.985299640704719), (14.861939691444688, 19.841058601060688), (10.717785583788473, 2.223396109709733), (10.20435737920309, 10.065223434966446), (3.4563727442538954, 4.713790711823172)]
(20.09288214108117, 9.985299640704719) :  (22.45231257761511, 10.859117753528038)*[(0.024382182128688548, 0.08316466399541157), (4.654251263102464, 19.95502885003298), (20.09288214108117, 9.985299640704719), (14.861939691444688, 19.841058601060688), (10.717785583788473, 2.223396109709733), (10.20435737920309, 10.065223434966446), (3.4563727442538954, 4.713790711823172)]
(20.09288214108117, 9.985299640704719) :  (22.478459253922054, 9.819928249319227)*[(0.024382182128688548, 0.08316466399541157), (4.654251263102464, 19.95502885003298), (20.09288214108117, 9.985299640704719), (14.861939691444688, 19.841058601060688), (10.717785583788473, 2.223396109709733), (10.20435737920309, 10.065223434966446), (3.4563727442538954, 4.713790711823172)]
(20.09288214108117, 9.985299640704719) :  (22.57824899787583, 10.838082532003892)*[(0.024382182128688548, 0.08316466399541157), (4.654251263102464, 19.95502885003298), (20.09288214108117, 9.985299640704719), (14.861939691444688, 19.841058601060688), (10.717785583788473, 2.223396109709733), (10.20435737920309, 10.065223434966446), (3.4563727442538954, 4.713790711823172)]
(20.09288214108117, 9.985299640704719) :  (22.609778885834142, 9.121630857170976)*[(0.024382182128688548, 0.08316466399541157), (4.654251263102464, 19.95502885003298), (20.09288214108117, 9.985299640704719), (14.861939691444688, 19.841058601060688), (10.717785583788473, 2.223396109709733), (10.20435737920309, 10.065223434966446), (3.4563727442538954, 4.713790711823172)]
(20.09288214108117, 9.985299640704719) :  (22.636205555671065, 10.42227087914933)*[(0.024382182128688548, 0.08316466399541157), (4.654251263102464, 19.95502885003298), (20.09288214108117, 9.985299640704719), (14.861939691444688, 19.841058601060688), (10.717785583788473, 2.223396109709733), (10.20435737920309, 10.065223434966446), (3.4563727442538954, 4.713790711823172)]
(20.09288214108117, 9.985299640704719) :  (22.64901610699751, 9.901507316341753)*[(0.024382182128688548, 0.08316466399541157), (4.654251263102464, 19.95502885003298), (20.09288214108117, 9.985299640704719), (14.861939691444688, 19.841058601060688), (10.717785583788473, 2.223396109709733), (10.20435737920309, 10.065223434966446), (3.4563727442538954, 4.713790711823172)]
(20.09288214108117, 9.985299640704719) :  (22.703048978998723, 11.089122400859965)*[(0.024382182128688548, 0.08316466399541157), (4.654251263102464, 19.95502885003298), (20.09288214108117, 9.985299640704719), (14.861939691444688, 19.841058601060688), (10.717785583788473, 2.223396109709733), (10.20435737920309, 10.065223434966446), (3.4563727442538954, 4.713790711823172)]
(20.09288214108117, 9.985299640704719) :  (22.795673849971223, 9.193533738842264)*[(0.024382182128688548, 0.08316466399541157), (4.654251263102464, 19.95502885003298), (20.09288214108117, 9.985299640704719), (14.861939691444688, 19.841058601060688), (10.717785583788473, 2.223396109709733), (10.20435737920309, 10.065223434966446), (3.4563727442538954, 4.713790711823172)]
(20.09288214108117, 9.985299640704719) :  (22.818953976638973, 10.800292056070013)*[(0.024382182128688548, 0.08316466399541157), (4.654251263102464, 19.95502885003298), (20.09288214108117, 9.985299640704719), (14.861939691444688, 19.841058601060688), (10.717785583788473, 2.223396109709733), (10.20435737920309, 10.065223434966446), (3.4563727442538954, 4.713790711823172)]
(20.09288214108117, 9.985299640704719) :  (22.833009689666973, 10.735357171847337)*[(0.024382182128688548, 0.08316466399541157), (4.654251263102464, 19.95502885003298), (20.09288214108117, 9.985299640704719), (14.861939691444688, 19.841058601060688), (10.717785583788473, 2.223396109709733), (10.20435737920309, 10.065223434966446), (3.4563727442538954, 4.713790711823172)]
(20.09288214108117, 9.985299640704719) :  (22.845228453865815, 10.65853996807793)*[(0.024382182128688548, 0.08316466399541157), (4.654251263102464, 19.95502885003298), (20.09288214108117, 9.985299640704719), (14.861939691444688, 19.841058601060688), (10.717785583788473, 2.223396109709733), (10.20435737920309, 10.065223434966446), (3.4563727442538954, 4.713790711823172)]
(20.09288214108117, 9.985299640704719) :  (22.890112052298083, 10.385440603936216)*[(0.024382182128688548, 0.08316466399541157), (4.654251263102464, 19.95502885003298), (20.09288214108117, 9.985299640704719), (14.861939691444688, 19.841058601060688), (10.717785583788473, 2.223396109709733), (10.20435737920309, 10.065223434966446), (3.4563727442538954, 4.713790711823172)]
(4.654251263102464, 19.95502885003298) :  (6.268320961954483, 19.458271712348424)*[(0.024382182128688548, 0.08316466399541157), (4.654251263102464, 19.95502885003298), (20.09288214108117, 9.985299640704719), (14.861939691444688, 19.841058601060688), (10.717785583788473, 2.223396109709733), (10.20435737920309, 10.065223434966446), (3.4563727442538954, 4.713790711823172)]
(4.654251263102464, 19.95502885003298) :  (6.349963716298713, 19.831840562350305)*[(0.024382182128688548, 0.08316466399541157), (4.654251263102464, 19.95502885003298), (20.09288214108117, 9.985299640704719), (14.861939691444688, 19.841058601060688), (10.717785583788473, 2.223396109709733), (10.20435737920309, 10.065223434966446), (3.4563727442538954, 4.713790711823172)]
(4.654251263102464, 19.95502885003298) :  (6.445691718720404, 19.644403060206017)*[(0.024382182128688548, 0.08316466399541157), (4.654251263102464, 19.95502885003298), (20.09288214108117, 9.985299640704719), (14.861939691444688, 19.841058601060688), (10.717785583788473, 2.223396109709733), (10.20435737920309, 10.065223434966446), (3.4563727442538954, 4.713790711823172)]
(4.654251263102464, 19.95502885003298) :  (6.542789029661037, 18.75952145276032)*[(0.024382182128688548, 0.08316466399541157), (4.654251263102464, 19.95502885003298), (20.09288214108117, 9.985299640704719), (14.861939691444688, 19.841058601060688), (10.717785583788473, 2.223396109709733), (10.20435737920309, 10.065223434966446), (3.4563727442538954, 4.713790711823172)]
(4.654251263102464, 19.95502885003298) :  (6.594057113988349, 21.238052836759145)*[(0.024382182128688548, 0.08316466399541157), (4.654251263102464, 19.95502885003298), (20.09288214108117, 9.985299640704719), (14.861939691444688, 19.841058601060688), (10.717785583788473, 2.223396109709733), (10.20435737920309, 10.065223434966446), (3.4563727442538954, 4.713790711823172)]
(4.654251263102464, 19.95502885003298) :  (6.687526409223669, 17.563287958278842)*[(0.024382182128688548, 0.08316466399541157), (4.654251263102464, 19.95502885003298), (20.09288214108117, 9.985299640704719), (14.861939691444688, 19.841058601060688), (10.717785583788473, 2.223396109709733), (10.20435737920309, 10.065223434966446), (3.4563727442538954, 4.713790711823172)]
(4.654251263102464, 19.95502885003298) :  (6.703874443929417, 20.626652157566742)*[(0.024382182128688548, 0.08316466399541157), (4.654251263102464, 19.95502885003298), (20.09288214108117, 9.985299640704719), (14.861939691444688, 19.841058601060688), (10.717785583788473, 2.223396109709733), (10.20435737920309, 10.065223434966446), (3.4563727442538954, 4.713790711823172)]
(4.654251263102464, 19.95502885003298) :  (6.711240705068924, 21.306703056597627)*[(0.024382182128688548, 0.08316466399541157), (4.654251263102464, 19.95502885003298), (20.09288214108117, 9.985299640704719), (14.861939691444688, 19.841058601060688), (10.717785583788473, 2.223396109709733), (10.20435737920309, 10.065223434966446), (3.4563727442538954, 4.713790711823172)]
(4.654251263102464, 19.95502885003298) :  (6.731499138069793, 21.293990689920204)*[(0.024382182128688548, 0.08316466399541157), (4.654251263102464, 19.95502885003298), (20.09288214108117, 9.985299640704719), (14.861939691444688, 19.841058601060688), (10.717785583788473, 2.223396109709733), (10.20435737920309, 10.065223434966446), (3.4563727442538954, 4.713790711823172)]
(4.654251263102464, 19.95502885003298) :  (6.740776895465894, 18.352086185354175)*[(0.024382182128688548, 0.08316466399541157), (4.654251263102464, 19.95502885003298), (20.09288214108117, 9.985299640704719), (14.861939691444688, 19.841058601060688), (10.717785583788473, 2.223396109709733), (10.20435737920309, 10.065223434966446), (3.4563727442538954, 4.713790711823172)]
(4.654251263102464, 19.95502885003298) :  (6.841441178369664, 20.913915263865512)*[(0.024382182128688548, 0.08316466399541157), (4.654251263102464, 19.95502885003298), (20.09288214108117, 9.985299640704719), (14.861939691444688, 19.841058601060688), (10.717785583788473, 2.223396109709733), (10.20435737920309, 10.065223434966446), (3.4563727442538954, 4.713790711823172)]
(4.654251263102464, 19.95502885003298) :  (6.934109988996619, 18.27143109999798)*[(0.024382182128688548, 0.08316466399541157), (4.654251263102464, 19.95502885003298), (20.09288214108117, 9.985299640704719), (14.861939691444688, 19.841058601060688), (10.717785583788473, 2.223396109709733), (10.20435737920309, 10.065223434966446), (3.4563727442538954, 4.713790711823172)]
(4.654251263102464, 19.95502885003298) :  (7.036828430523942, 18.46651653999403)*[(0.024382182128688548, 0.08316466399541157), (4.654251263102464, 19.95502885003298), (20.09288214108117, 9.985299640704719), (14.861939691444688, 19.841058601060688), (10.717785583788473, 2.223396109709733), (10.20435737920309, 10.065223434966446), (3.4563727442538954, 4.713790711823172)]
(4.654251263102464, 19.95502885003298) :  (7.10994097504257, 20.99518622232594)*[(0.024382182128688548, 0.08316466399541157), (4.654251263102464, 19.95502885003298), (20.09288214108117, 9.985299640704719), (14.861939691444688, 19.841058601060688), (10.717785583788473, 2.223396109709733), (10.20435737920309, 10.065223434966446), (3.4563727442538954, 4.713790711823172)]
(4.654251263102464, 19.95502885003298) :  (7.168207261959351, 19.783318834203303)*[(0.024382182128688548, 0.08316466399541157), (4.654251263102464, 19.95502885003298), (20.09288214108117, 9.985299640704719), (14.861939691444688, 19.841058601060688), (10.717785583788473, 2.223396109709733), (10.20435737920309, 10.065223434966446), (3.4563727442538954, 4.713790711823172)]
(4.654251263102464, 19.95502885003298) :  (7.216453210963504, 18.793039094188398)*[(0.024382182128688548, 0.08316466399541157), (4.654251263102464, 19.95502885003298), (20.09288214108117, 9.985299640704719), (14.861939691444688, 19.841058601060688), (10.717785583788473, 2.223396109709733), (10.20435737920309, 10.065223434966446), (3.4563727442538954, 4.713790711823172)]
(4.654251263102464, 19.95502885003298) :  (7.457616255161068, 18.34459898047158)*[(0.024382182128688548, 0.08316466399541157), (4.654251263102464, 19.95502885003298), (20.09288214108117, 9.985299640704719), (14.861939691444688, 19.841058601060688), (10.717785583788473, 2.223396109709733), (10.20435737920309, 10.065223434966446), (3.4563727442538954, 4.713790711823172)]
(4.654251263102464, 19.95502885003298) :  (7.463015463216333, 20.564832308344748)*[(0.024382182128688548, 0.08316466399541157), (4.654251263102464, 19.95502885003298), (20.09288214108117, 9.985299640704719), (14.861939691444688, 19.841058601060688), (10.717785583788473, 2.223396109709733), (10.20435737920309, 10.065223434966446), (3.4563727442538954, 4.713790711823172)]
(4.654251263102464, 19.95502885003298) :  (7.506981993721854, 20.339686555274557)*[(0.024382182128688548, 0.08316466399541157), (4.654251263102464, 19.95502885003298), (20.09288214108117, 9.985299640704719), (14.861939691444688, 19.841058601060688), (10.717785583788473, 2.223396109709733), (10.20435737920309, 10.065223434966446), (3.4563727442538954, 4.713790711823172)]
(4.654251263102464, 19.95502885003298) :  (7.507897489333136, 19.492117482533654)*[(0.024382182128688548, 0.08316466399541157), (4.654251263102464, 19.95502885003298), (20.09288214108117, 9.985299640704719), (14.861939691444688, 19.841058601060688), (10.717785583788473, 2.223396109709733), (10.20435737920309, 10.065223434966446), (3.4563727442538954, 4.713790711823172)]
(4.654251263102464, 19.95502885003298) :  (7.534204106198743, 18.804790865731412)*[(0.024382182128688548, 0.08316466399541157), (4.654251263102464, 19.95502885003298), (20.09288214108117, 9.985299640704719), (14.861939691444688, 19.841058601060688), (10.717785583788473, 2.223396109709733), (10.20435737920309, 10.065223434966446), (3.4563727442538954, 4.713790711823172)]
(4.654251263102464, 19.95502885003298) :  (7.574011635883109, 18.842499333213986)*[(0.024382182128688548, 0.08316466399541157), (4.654251263102464, 19.95502885003298), (20.09288214108117, 9.985299640704719), (14.861939691444688, 19.841058601060688), (10.717785583788473, 2.223396109709733), (10.20435737920309, 10.065223434966446), (3.4563727442538954, 4.713790711823172)]
(4.654251263102464, 19.95502885003298) :  (7.637180838251403, 21.342445581036422)*[(0.024382182128688548, 0.08316466399541157), (4.654251263102464, 19.95502885003298), (20.09288214108117, 9.985299640704719), (14.861939691444688, 19.841058601060688), (10.717785583788473, 2.223396109709733), (10.20435737920309, 10.065223434966446), (3.4563727442538954, 4.713790711823172)]
(4.654251263102464, 19.95502885003298) :  (7.643631929490102, 18.74112688819154)*[(0.024382182128688548, 0.08316466399541157), (4.654251263102464, 19.95502885003298), (20.09288214108117, 9.985299640704719), (14.861939691444688, 19.841058601060688), (10.717785583788473, 2.223396109709733), (10.20435737920309, 10.065223434966446), (3.4563727442538954, 4.713790711823172)]
(4.654251263102464, 19.95502885003298) :  (7.921751099713674, 20.542757292457377)*[(0.024382182128688548, 0.08316466399541157), (4.654251263102464, 19.95502885003298), (20.09288214108117, 9.985299640704719), (14.861939691444688, 19.841058601060688), (10.717785583788473, 2.223396109709733), (10.20435737920309, 10.065223434966446), (3.4563727442538954, 4.713790711823172)]
