(0.024382182128688548, 0.08316466399541157) :  (-0.03099960718433703, 0.5615834182500955)*[(0.024382182128688548, 0.08316466399541157), (4.654251263102464, 19.95502885003298), (20.09288214108117, 9.985299640704719), (14.861939691444688, 19.841058601060688), (10.717785583788473, 2.223396109709733), (10.20435737920309, 10.065223434966446), (3.4563727442538954, 4.713790711823172)]
(0.024382182128688548, 0.08316466399541157) :  (-0.05359039501739682, 0.20865819098390948)*[(0.024382182128688548, 0.08316466399541157), (4.654251263102464, 19.95502885003298), (20.09288214108117, 9.985299640704719), (14.861939691444688, 19.841058601060688), (10.717785583788473, 2.223396109709733), (10.20435737920309, 10.065223434966446), (3.4563727442538954, 4.713790711823172)]
(0.024382182128688548, 0.08316466399541157) :  (-0.055083769494203016, 0.5051169333456352)*[(0.024382182128688548, 0.08316466399541157), (4.654251263102464, 19.95502885003298), (20.09288214108117, 9.985299640704719), (14.861939691444688, 19.841058601060688), (10.717785583788473, 2.223396109709733), (10.20435737920309, 10.065223434966446), (3.4563727442538954, 4.713790711823172)]
(0.024382182128688548, 0.08316466399541157) :  (-0.06492621890732764, -0.569416110681706)*[(0.024382182128688548, 0.08316466399541157), (4.654251263102464, 19.95502885003298), (20.09288214108117, 9.985299640704719), (14.861939691444688, 19.841058601060688), (10.717785583788473, 2.223396109709733), (10.20435737920309, 10.065223434966446), (3.4563727442538954, 4.713790711823172)]
(0.024382182128688548, 0.08316466399541157) :  (-0.07765664018356655, -0.5643653783707296)*[(0.024382182128688548, 0.08316466399541157), (4.654251263102464, 19.95502885003298), (20.09288214108117, 9.985299640704719), (14.861939691444688, 19.841058601060688), (10.717785583788473, 2.223396109709733), (10.20435737920309, 10.065223434966446), (3.4563727442538954, 4.713790711823172)]
(0.024382182128688548, 0.08316466399541157) :  (-0.08308223053079411, -0.6355096255075414)*[(0.024382182128688548, 0.08316466399541157), (4.654251263102464, 19.95502885003298), (20.09288214108117, 9.985299640704719), (14.861939691444688, 19.841058601060688), (10.717785583788473, 2.223396109709733), (10.20435737920309, 10.065223434966446), (3.4563727442538954, 4.713790711823172)]
(0.024382182128688548, 0.08316466399541157) :  (-0.11273010009032158, 0.6364731710835605)*[(0.024382182128688548, 0.08316466399541157), (4.654251263102464, 19.95502885003298), (20.09288214108117, 9.985299640704719), (14.861939691444688, 19.841058601060688), (10.717785583788473, 2.223396109709733), (10.20435737920309, 10.065223434966446), (3.4563727442538954, 4.713790711823172)]
(0.024382182128688548, 0.08316466399541157) :  (-0.11394722213004393, -0.05832004744056052)*[(0.024382182128688548, 0.08316466399541157), (4.654251263102464, 19.95502885003298), (20.09288214108117, 9.985299640704719), (14.861939691444688, 19.841058601060688), (10.717785583788473, 2.223396109709733), (10.20435737920309, 10.065223434966446), (3.4563727442538954, 4.713790711823172)]
(0.024382182128688548, 0.08316466399541157) :  (-0.1261331029306758, 0.038950593575193704)*[(0.024382182128688548, 0.08316466399541157), (4.654251263102464, 19.95502885003298), (20.09288214108117, 9.985299640704719), (14.861939691444688, 19.841058601060688), (10.717785583788473, 2.223396109709733), (10.20435737920309, 10.065223434966446), (3.4563727442538954, 4.713790711823172)]
(0.024382182128688548, 0.08316466399541157) :  (-0.14430245196124392, 0.9200482554470878)*[(0.024382182128688548, 0.08316466399541157), (4.654251263102464, 19.95502885003298), (20.09288214108117, 9.985299640704719), (14.861939691444688, 19.841058601060688), (10.717785583788473, 2.223396109709733), (10.20435737920309, 10.065223434966446), (3.4563727442538954, 4.713790711823172)]
(0.024382182128688548, 0.08316466399541157) :  (-0.15166992257443557, 0.35824373886824623)*[(0.024382182128688548, 0.08316466399541157), (4.654251263102464, 19.95502885003298), (20.09288214108117, 9.985299640704719), (14.861939691444688, 19.841058601060688), (10.717785583788473, 2.223396109709733), (10.20435737920309, 10.065223434966446), (3.4563727442538954, 4.713790711823172)]
(0.024382182128688548, 0.08316466399541157) :  (-0.17233697559810923, 0.05839491945759012)*[(0.024382182128688548, 0.08316466399541157), (4.654251263102464, 19.95502885003298), (20.09288214108117, 9.985299640704719), (14.861939691444688, 19.841058601060688), (10.717785583788473, 2.223396109709733), (10.20435737920309, 10.065223434966446), (3.4563727442538954, 4.713790711823172)]
(0.024382182128688548, 0.08316466399541157) :  (-0.1777090809425066, -0.4636854314481612)*[(0.024382182128688548, 0.08316466399541157), (4.654251263102464, 19.95502885003298), (20.09288214108117, 9.985299640704719), (14.861939691444688, 19.841058601060688), (10.717785583788473, 2.223396109709733), (10.20435737920309, 10.065223434966446), (3.4563727442538954, 4.713790711823172)]
(0.024382182128688548, 0.08316466399541157) :  (-0.19095470918573865, -0.3023120156787523)*[(0.024382182128688548, 0.08316466399541157), (4.654251263102464, 19.95502885003298), (20.09288214108117, 9.985299640704719), (14.861939691444688, 19.841058601060688), (10.717785583788473, 2.223396109709733), (10.20435737920309, 10.065223434966446), (3.4563727442538954, 4.713790711823172)]
(0.024382182128688548, 0.08316466399541157) :  (-0.19492824733808867, 0.671749080283661)*[(0.024382182128688548, 0.08316466399541157), (4.654251263102464, 19.95502885003298), (20.09288214108117, 9.985299640704719), (14.861939691444688, 19.841058601060688), (10.717785583788473, 2.223396109709733), (10.20435737920309, 10.065223434966446), (3.4563727442538954, 4.713790711823172)]
(0.024382182128688548, 0.08316466399541157) :  (-0.1955200470123244, 0.5274713974332736)*[(0.024382182128688548, 0.08316466399541157), (4.654251263102464, 19.95502885003298), (20.09288214108117, 9.985299640704719), (14.861939691444688, 19.841058601060688), (10.717785583788473, 2.223396109709733), (10.20435737920309, 10.065223434966446), (3.4563727442538954, 4.713790711823172)]
(0.024382182128688548, 0.08316466399541157) :  (-0.19557067040340326, -0.31258328845328875)*[(0.024382182128688548, 0.08316466399541157), (4.654251263102464, 19.95502885003298), (20.09288214108117, 9.985299640704719), (14.861939691444688, 19.841058601060688), (10.717785583788473, 2.223396109709733), (10.20435737920309, 10.065223434966446), (3.4563727442538954, 4.713790711823172)]
(0.024382182128688548, 0.08316466399541157) :  (-0.19725980956971445, 0.09407989117210436)*[(0.024382182128688548, 0.08316466399541157), (4.654251263102464, 19.95502885003298), (20.09288214108117, 9.985299640704719), (14.861939691444688, 19.841058601060688), (10.717785583788473, 2.223396109709733), (10.20435737920309, 10.065223434966446), (3.4563727442538954, 4.713790711823172)]
(0.024382182128688548, 0.08316466399541157) :  (-0.2012837993073575, 0.4296645151005858)*[(0.024382182128688548, 0.08316466399541157), (4.654251263102464, 19.95502885003298), (20.09288214108117, 9.985299640704719), (14.861939691444688, 19.841058601060688), (10.717785583788473, 2.223396109709733), (10.20435737920309, 10.065223434966446), (3.4563727442538954, 4.713790711823172)]
(0.024382182128688548, 0.08316466399541157) :  (-0.2267801946237109, 0.8656327542930654)*[(0.024382182128688548, 0.08316466399541157), (4.654251263102464, 19.95502885003298), (20.09288214108117, 9.985299640704719), (14.861939691444688, 19.841058601060688), (10.717785583788473, 2.223396109709733), (10.20435737920309, 10.065223434966446), (3.4563727442538954, 4.713790711823172)]
(0.024382182128688548, 0.08316466399541157) :  (-0.2392948237376149, 0.2502250201195968)*[(0.024382182128688548, 0.08316466399541157), (4.654251263102464, 19.95502885003298), (20.09288214108117, 9.985299640704719), (14.861939691444688, 19.841058601060688), (10.717785583788473, 2.223396109709733), (10.20435737920309, 10.065223434966446), (3.4563727442538954, 4.713790711823172)]
(0.024382182128688548, 0.08316466399541157) :  (-0.239560828351014, 0.9067615543709726)*[(0.024382182128688548, 0.08316466399541157), (4.654251263102464, 19.95502885003298), (20.09288214108117, 9.985299640704719), (14.861939691444688, 19.841058601060688), (10.717785583788473, 2.223396109709733), (10.20435737920309, 10.065223434966446), (3.4563727442538954, 4.713790711823172)]
(0.024382182128688548, 0.08316466399541157) :  (-0.24642224447323224, 0.8645931048906049)*[(0.024382182128688548, 0.08316466399541157), (4.654251263102464, 19.95502885003298), (20.09288214108117, 9.985299640704719), (14.861939691444688, 19.841058601060688), (10.717785583788473, 2.223396109709733), (10.20435737920309, 10.065223434966446), (3.4563727442538954, 4.713790711823172)]
(0.024382182128688548, 0.08316466399541157) :  (-0.24836689121319377, 0.47048779752003944)*[(0.024382182128688548, 0.08316466399541157), (4.654251263102464, 19.95502885003298), (20.09288214108117, 9.985299640704719), (14.861939691444688, 19.841058601060688), (10.717785583788473, 2.223396109709733), (10.20435737920309, 10.065223434966446), (3.4563727442538954, 4.713790711823172)]
(0.024382182128688548, 0.08316466399541157) :  (-0.30048463990192253, -0.29572618838970743)*[(0.024382182128688548, 0.08316466399541157), (4.654251263102464, 19.95502885003298), (20.09288214108117, 9.985299640704719), (14.861939691444688, 19.841058601060688), (10.717785583788473, 2.223396109709733), (10.20435737920309, 10.065223434966446), (3.4563727442538954, 4.713790711823172)]
(0.024382182128688548, 0.08316466399541157) :  (-0.3222460929358977, -0.5039397563113852)*[(0.024382182128688548, 0.08316466399541157), (4.654251263102464, 19.95502885003298), (20.09288214108117, 9.985299640704719), (14.861939691444688, 19.841058601060688), (10.717785583788473, 2.223396109709733), (10.20435737920309, 10.065223434966446), (3.4563727442538954, 4.713790711823172)]
(0.024382182128688548, 0.08316466399541157) :  (-0.32393977461014134, 0.2522199656251216)*[(0.024382182128688548, 0.08316466399541157), (4.654251263102464, 19.95502885003298), (20.09288214108117, 9.985299640704719), (14.861939691444688, 19.841058601060688), (10.717785583788473, 2.223396109709733), (10.20435737920309, 10.065223434966446), (3.4563727442538954, 4.713790711823172)]
(0.024382182128688548, 0.08316466399541157) :  (-0.3494876652601302, -0.7591727850333265)*[(0.024382182128688548, 0.08316466399541157), (4.654251263102464, 19.95502885003298), (20.09288214108117, 9.985299640704719), (14.861939691444688, 19.841058601060688), (10.717785583788473, 2.223396109709733), (10.20435737920309, 10.065223434966446), (3.4563727442538954, 4.713790711823172)]
(0.024382182128688548, 0.08316466399541157) :  (-0.3566523027561175, 0.008878745889574935)*[(0.024382182128688548, 0.08316466399541157), (4.654251263102464, 19.95502885003298), (20.09288214108117, 9.985299640704719), (14.861939691444688, 19.841058601060688), (10.717785583788473, 2.223396109709733), (10.20435737920309, 10.065223434966446), (3.4563727442538954, 4.713790711823172)]
(0.024382182128688548, 0.08316466399541157) :  (-0.40643535892556004, -0.6394018129322661)*[(0.024382182128688548, 0.08316466399541157), (4.654251263102464, 19.95502885003298), (20.09288214108117, 9.985299640704719), (14.861939691444688, 19.841058601060688), (10.717785583788473, 2.223396109709733), (10.20435737920309, 10.065223434966446), (3.4563727442538954, 4.713790711823172)]
(0.024382182128688548, 0.08316466399541157) :  (-0.41644683748255296, -0.3260434359943619)*[(0.024382182128688548, 0.08316466399541157), (4.654251263102464, 19.95502885003298), (20.09288214108117, 9.985299640704719), (14.861939691444688, 19.841058601060688), (10.717785583788473, 2.223396109709733), (10.20435737920309, 10.065223434966446), (3.4563727442538954, 4.713790711823172)]
(0.024382182128688548, 0.08316466399541157) :  (-0.4430056582229318, 0.7811434369207486)*[(0.024382182128688548, 0.08316466399541157), (4.654251263102464, 19.95502885003298), (20.09288214108117, 9.985299640704719), (14.861939691444688, 19.841058601060688), (10.717785583788473, 2.223396109709733), (10.20435737920309, 10.065223434966446), (3.4563727442538954, 4.713790711823172)]
(0.024382182128688548, 0.08316466399541157) :  (-0.44556949503419174, 0.8670105490702766)*[(0.024382182128688548, 0.08316466399541157), (4.654251263102464, 19.95502885003298), (20.09288214108117, 9.985299640704719), (14.861939691444688, 19.841058601060688), (10.717785583788473, 2.223396109709733), (10.20435737920309, 10.065223434966446), (3.4563727442538954, 4.713790711823172)]
(0.024382182128688548, 0.08316466399541157) :  (-0.45362150457722894, 0.3918288870042207)*[(0.024382182128688548, 0.08316466399541157), (4.654251263102464, 19.95502885003298), (20.09288214108117, 9.985299640704719), (14.861939691444688, 19.841058601060688), (10.717785583788473, 2.223396109709733), (10.20435737920309, 10.065223434966446), (3.4563727442538954, 4.713790711823172)]
(0.024382182128688548, 0.08316466399541157) :  (-0.48591342946932703, -0.7732833268076906)*[(0.024382182128688548, 0.08316466399541157), (4.654251263102464, 19.95502885003298), (20.09288214108117, 9.985299640704719), (14.861939691444688, 19.841058601060688), (10.717785583788473, 2.223396109709733), (10.20435737920309, 10.065223434966446), (3.4563727442538954, 4.713790711823172)]
(0.024382182128688548, 0.08316466399541157) :  (-0.5047280817680952, -0.3348109330371095)*[(0.024382182128688548, 0.08316466399541157), (4.654251263102464, 19.95502885003298), (20.09288214108117, 9.985299640704719), (14.861939691444688, 19.841058601060688), (10.717785583788473, 2.223396109709733), (10.20435737920309, 10.065223434966446), (3.4563727442538954, 4.713790711823172)]
(0.024382182128688548, 0.08316466399541157) :  (-0.5148213995284456, 0.5583731961973711)*[(0.024382182128688548, 0.08316466399541157), (4.654251263102464, 19.95502885003298), (20.09288214108117, 9.985299640704719), (14.861939691444688, 19.841058601060688), (10.717785583788473, 2.223396109709733), (10.20435737920309, 10.065223434966446), (3.4563727442538954, 4.713790711823172)]
(0.024382182128688548, 0.08316466399541157) :  (-0.5626419035987182, 0.5849684920153904)*[(0.024382182128688548, 0.08316466399541157), (4.654251263102464, 19.95502885003298), (20.09288214108117, 9.985299640704719), (14.861939691444688, 19.841058601060688), (10.717785583788473, 2.223396109709733), (10.20435737920309, 10.065223434966446), (3.4563727442538954, 4.713790711823172)]
(0.024382182128688548, 0.08316466399541157) :  (-0.6249083262395803, 0.30483252592355925)*[(0.024382182128688548, 0.08316466399541157), (4.654251263102464, 19.95502885003298), (20.09288214108117, 9.985299640704719), (14.861939691444688, 19.841058601060688), (10.717785583788473, 2.223396109709733), (10.20435737920309, 10.065223434966446), (3.4563727442538954, 4.713790711823172)]
(0.024382182128688548, 0.08316466399541157) :  (-0.6600495467457987, 0.15336292950299601)*[(0.024382182128688548, 0.08316466399541157), (4.654251263102464, 19.95502885003298), (20.09288214108117, 9.985299640704719), (14.861939691444688, 19.841058601060688), (10.717785583788473, 2.223396109709733), (10.20435737920309, 10.065223434966446), (3.4563727442538954, 4.713790711823172)]
(0.024382182128688548, 0.08316466399541157) :  (-0.6910963221003048, 0.17405796625736292)*[(0.024382182128688548, 0.08316466399541157), (4.654251263102464, 19.95502885003298), (20.09288214108117, 9.985299640704719), (14.861939691444688, 19.841058601060688), (10.717785583788473, 2.223396109709733), (10.20435737920309, 10.065223434966446), (3.4563727442538954, 4.713790711823172)]
(0.024382182128688548, 0.08316466399541157) :  (-0.7660362238307628, -0.13004756213945323)*[(0.024382182128688548, 0.08316466399541157), (4.654251263102464, 19.95502885003298), (20.09288214108117, 9.985299640704719), (14.861939691444688, 19.841058601060688), (10.717785583788473, 2.223396109709733), (10.20435737920309, 10.065223434966446), (3.4563727442538954, 4.713790711823172)]
(0.024382182128688548, 0.08316466399541157) :  (-0.7851442258452508, -0.27822556826462136)*[(0.024382182128688548, 0.08316466399541157), (4.654251263102464, 19.95502885003298), (20.09288214108117, 9.985299640704719), (14.861939691444688, 19.841058601060688), (10.717785583788473, 2.223396109709733), (10.20435737920309, 10.065223434966446), (3.4563727442538954, 4.713790711823172)]
(0.024382182128688548, 0.08316466399541157) :  (-0.818448600689208, -0.29863938002147106)*[(0.024382182128688548, 0.08316466399541157), (4.654251263102464, 19.95502885003298), (20.09288214108117, 9.985299640704719), (14.861939691444688, 19.841058601060688), (10.717785583788473, 2.223396109709733), (10.20435737920309, 10.065223434966446), (3.4563727442538954, 4.713790711823172)]
(0.024382182128688548, 0.08316466399541157) :  (-0.834569357803157, -0.2258024662213179)*[(0.024382182128688548, 0.08316466399541157), (4.654251263102464, 19.95502885003298), (20.09288214108117, 9.985299640704719), (14.861939691444688, 19.841058601060688), (10.717785583788473, 2.223396109709733), (10.20435737920309, 10.065223434966446), (3.4563727442538954, 4.713790711823172)]
(0.024382182128688548, 0.08316466399541157) :  (-0.8510586561930498, 0.25544178255485295)*[(0.024382182128688548, 0.08316466399541157), (4.654251263102464, 19.95502885003298), (20.09288214108117, 9.985299640704719), (14.861939691444688, 19.841058601060688), (10.717785583788473, 2.223396109709733), (10.20435737920309, 10.065223434966446), (3.4563727442538954, 4.713790711823172)]
(0.024382182128688548, 0.08316466399541157) :  (-0.8738130286881489, 0.3014022926697272)*[(0.024382182128688548, 0.08316466399541157), (4.654251263102464, 19.95502885003298), (20.09288214108117, 9.985299640704719), (14.861939691444688, 19.841058601060688), (10.717785583788473, 2.223396109709733), (10.20435737920309, 10.065223434966446), (3.4563727442538954, 4.713790711823172)]
(0.024382182128688548, 0.08316466399541157) :  (-0.8757523605489625, 0.31007502984546853)*[(0.024382182128688548, 0.08316466399541157), (4.654251263102464, 19.95502885003298), (20.09288214108117, 9.985299640704719), (14.861939691444688, 19.841058601060688), (10.717785583788473, 2.223396109709733), (10.20435737920309, 10.065223434966446), (3.4563727442538954, 4.713790711823172)]
(0.024382182128688548, 0.08316466399541157) :  (-0.9086135855970876, 0.27416092555213095)*[(0.024382182128688548, 0.08316466399541157), (4.654251263102464, 19.95502885003298), (20.09288214108117, 9.985299640704719), (14.861939691444688, 19.841058601060688), (10.717785583788473, 2.223396109709733), (10.20435737920309, 10.065223434966446), (3.4563727442538954, 4.713790711823172)]
(0.024382182128688548, 0.08316466399541157) :  (-0.9359966600315377, -0.14236501710156382)*[(0.024382182128688548, 0.08316466399541157), (4.654251263102464, 19.95502885003298), (20.09288214108117, 9.985299640704719), (14.861939691444688, 19.841058601060688), (10.717785583788473, 2.223396109709733), (10.20435737920309, 10.065223434966446), (3.4563727442538954, 4.713790711823172)]
(0.024382182128688548, 0.08316466399541157) :  (-0.991046598072258, -0.03700510369261746)*[(0.024382182128688548, 0.08316466399541157), (4.654251263102464, 19.95502885003298), (20.09288214108117, 9.985299640704719), (14.861939691444688, 19.841058601060688), (10.717785583788473, 2.223396109709733), (10.20435737920309, 10.065223434966446), (3.4563727442538954, 4.713790711823172)]
(0.024382182128688548, 0.08316466399541157) :  (0.00883081115654738, -0.3286055608637921)*[(0.024382182128688548, 0.08316466399541157), (4.654251263102464, 19.95502885003298), (20.09288214108117, 9.985299640704719), (14.861939691444688, 19.841058601060688), (10.717785583788473, 2.223396109709733), (10.20435737920309, 10.065223434966446), (3.4563727442538954, 4.713790711823172)]
(0.024382182128688548, 0.08316466399541157) :  (0.03589787804236222, -0.8008246515058681)*[(0.024382182128688548, 0.08316466399541157), (4.654251263102464, 19.95502885003298), (20.09288214108117, 9.985299640704719), (14.861939691444688, 19.841058601060688), (10.717785583788473, 2.223396109709733), (10.20435737920309, 10.065223434966446), (3.4563727442538954, 4.713790711823172)]
(0.024382182128688548, 0.08316466399541157) :  (0.04442138320480926, -0.05225943993735416)*[(0.024382182128688548, 0.08316466399541157), (4.654251263102464, 19.95502885003298), (20.09288214108117, 9.985299640704719), (14.861939691444688, 19.841058601060688), (10.717785583788473, 2.223396109709733), (10.20435737920309, 10.065223434966446), (3.4563727442538954, 4.713790711823172)]
(0.024382182128688548, 0.08316466399541157) :  (0.06843748034309804, 0.9438135694164386)*[(0.024382182128688548, 0.08316466399541157), (4.654251263102464, 19.95502885003298), (20.09288214108117, 9.985299640704719), (14.861939691444688, 19.841058601060688), (10.717785583788473, 2.223396109709733), (10.20435737920309, 10.065223434966446), (3.4563727442538954, 4.713790711823172)]
(0.024382182128688548, 0.08316466399541157) :  (0.07727452414376823, 0.14576692849684147)*[(0.024382182128688548, 0.08316466399541157), (4.654251263102464, 19.95502885003298), (20.09288214108117, 9.985299640704719), (14.861939691444688, 19.841058601060688), (10.717785583788473, 2.223396109709733), (10.20435737920309, 10.065223434966446), (3.4563727442538954, 4.713790711823172)]
(0.024382182128688548, 0.08316466399541157) :  (0.0885608692722184, 0.8518881898454557)*[(0.024382182128688548, 0.08316466399541157), (4.654251263102464, 19.95502885003298), (20.09288214108117, 9.985299640704719), (14.861939691444688, 19.841058601060688), (10.717785583788473, 2.223396109709733), (10.20435737920309, 10.065223434966446), (3.4563727442538954, 4.713790711823172)]
(0.024382182128688548, 0.08316466399541157) :  (0.1028300983335928, -0.9305773945698611)*[(0.024382182128688548, 0.08316466399541157), (4.654251263102464, 19.95502885003298), (20.09288214108117, 9.985299640704719), (14.861939691444688, 19.841058601060688), (10.717785583788473, 2.223396109709733), (10.20435737920309, 10.065223434966446), (3.4563727442538954, 4.713790711823172)]
(0.024382182128688548, 0.08316466399541157) :  (0.10408301706542211, 0.8978689450386786)*[(0.024382182128688548, 0.08316466399541157), (4.654251263102464, 19.95502885003298), (20.09288214108117, 9.985299640704719), (14.861939691444688, 19.841058601060688), (10.717785583788473, 2.223396109709733), (10.20435737920309, 10.065223434966446), (3.4563727442538954, 4.713790711823172)]
(0.024382182128688548, 0.08316466399541157) :  (0.11102397775560102, -0.539098920597045)*[(0.024382182128688548, 0.08316466399541157), (4.654251263102464, 19.95502885003298), (20.09288214108117, 9.985299640704719), (14.861939691444688, 19.841058601060688), (10.717785583788473, 2.223396109709733), (10.20435737920309, 10.065223434966446), (3.4563727442538954, 4.713790711823172)]
(0.024382182128688548, 0.08316466399541157) :  (0.13499336942459106, 0.5833656032285411)*[(0.024382182128688548, 0.08316466399541157), (4.654251263102464, 19.95502885003298), (20.09288214108117, 9.985299640704719), (14.861939691444688, 19.841058601060688), (10.717785583788473, 2.223396109709733), (10.20435737920309, 10.065223434966446), (3.4563727442538954, 4.713790711823172)]
(0.024382182128688548, 0.08316466399541157) :  (0.1665442828314443, 0.8291580143884234)*[(0.024382182128688548, 0.08316466399541157), (4.654251263102464, 19.95502885003298), (20.09288214108117, 9.985299640704719), (14.861939691444688, 19.841058601060688), (10.717785583788473, 2.223396109709733), (10.20435737920309, 10.065223434966446), (3.4563727442538954, 4.713790711823172)]
(0.024382182128688548, 0.08316466399541157) :  (0.17660289137799778, -0.5247527085100419)*[(0.024382182128688548, 0.08316466399541157), (4.654251263102464, 19.95502885003298), (20.09288214108117, 9.985299640704719), (14.861939691444688, 19.841058601060688), (10.717785583788473, 2.223396109709733), (10.20435737920309, 10.065223434966446), (3.4563727442538954, 4.713790711823172)]
(0.024382182128688548, 0.08316466399541157) :  (0.20013820960727235, 0.16801863012773233)*[(0.024382182128688548, 0.08316466399541157), (4.654251263102464, 19.95502885003298), (20.09288214108117, 9.985299640704719), (14.861939691444688, 19.841058601060688), (10.717785583788473, 2.223396109709733), (10.20435737920309, 10.065223434966446), (3.4563727442538954, 4.713790711823172)]
(0.024382182128688548, 0.08316466399541157) :  (0.20502418173510306, 0.08747273117936039)*[(0.024382182128688548, 0.08316466399541157), (4.654251263102464, 19.95502885003298), (20.09288214108117, 9.985299640704719), (14.861939691444688, 19.841058601060688), (10.717785583788473, 2.223396109709733), (10.20435737920309, 10.065223434966446), (3.4563727442538954, 4.713790711823172)]
(0.024382182128688548, 0.08316466399541157) :  (0.3002008607007136, -0.6174163006834953)*[(0.024382182128688548, 0.08316466399541157), (4.654251263102464, 19.95502885003298), (20.09288214108117, 9.985299640704719), (14.861939691444688, 19.841058601060688), (10.717785583788473, 2.223396109709733), (10.20435737920309, 10.065223434966446), (3.4563727442538954, 4.713790711823172)]
(0.024382182128688548, 0.08316466399541157) :  (0.3007092205763897, -0.5702149591602002)*[(0.024382182128688548, 0.08316466399541157), (4.654251263102464, 19.95502885003298), (20.09288214108117, 9.985299640704719), (14.861939691444688, 19.841058601060688), (10.717785583788473, 2.223396109709733), (10.20435737920309, 10.065223434966446), (3.4563727442538954, 4.713790711823172)]
(0.024382182128688548, 0.08316466399541157) :  (0.308464066218779, 0.2839663755848032)*[(0.024382182128688548, 0.08316466399541157), (4.654251263102464, 19.95502885003298), (20.09288214108117, 9.985299640704719), (14.861939691444688, 19.841058601060688), (10.717785583788473, 2.223396109709733), (10.20435737920309, 10.065223434966446), (3.4563727442538954, 4.713790711823172)]
(0.024382182128688548, 0.08316466399541157) :  (0.315061190102365, 0.8857034631913312)*[(0.024382182128688548, 0.08316466399541157), (4.654251263102464, 19.95502885003298), (20.09288214108117, 9.985299640704719), (14.861939691444688, 19.841058601060688), (10.717785583788473, 2.223396109709733), (10.20435737920309, 10.065223434966446), (3.4563727442538954, 4.713790711823172)]
(0.024382182128688548, 0.08316466399541157) :  (0.3372090925909581, -0.7096911235537232)*[(0.024382182128688548, 0.08316466399541157), (4.654251263102464, 19.95502885003298), (20.09288214108117, 9.985299640704719), (14.861939691444688, 19.841058601060688), (10.717785583788473, 2.223396109709733), (10.20435737920309, 10.065223434966446), (3.4563727442538954, 4.713790711823172)]
(0.024382182128688548, 0.08316466399541157) :  (0.34627802332889, -0.05044927515227082)*[(0.024382182128688548, 0.08316466399541157), (4.654251263102464, 19.95502885003298), (20.09288214108117, 9.985299640704719), (14.861939691444688, 19.841058601060688), (10.717785583788473, 2.223396109709733), (10.20435737920309, 10.065223434966446), (3.4563727442538954, 4.713790711823172)]
(0.024382182128688548, 0.08316466399541157) :  (0.3763919836335996, -0.12095191556436746)*[(0.024382182128688548, 0.08316466399541157), (4.654251263102464, 19.95502885003298), (20.09288214108117, 9.985299640704719), (14.861939691444688, 19.841058601060688), (10.717785583788473, 2.223396109709733), (10.20435737920309, 10.065223434966446), (3.4563727442538954, 4.713790711823172)]
(0.024382182128688548, 0.08316466399541157) :  (0.37693248562943493, -0.8723039709252307)*[(0.024382182128688548, 0.08316466399541157), (4.654251263102464, 19.95502885003298), (20.09288214108117, 9.985299640704719), (14.861939691444688, 19.841058601060688), (10.717785583788473, 2.223396109709733), (10.20435737920309, 10.065223434966446), (3.4563727442538954, 4.713790711823172)]
(0.024382182128688548, 0.08316466399541157) :  (0.4200119860512015, 0.7944228695573736)*[(0.024382182128688548, 0.08316466399541157), (4.654251263102464, 19.95502885003298), (20.09288214108117, 9.985299640704719), (14.861939691444688, 19.841058601060688), (10.717785583788473, 2.223396109709733), (10.20435737920309, 10.065223434966446), (3.4563727442538954, 4.713790711823172)]
(0.024382182128688548, 0.08316466399541157) :  (0.4326609521122988, 0.8100294010919716)*[(0.024382182128688548, 0.08316466399541157), (4.654251263102464, 19.95502885003298), (20.09288214108117, 9.985299640704719), (14.861939691444688, 19.841058601060688), (10.717785583788473, 2.223396109709733), (10.20435737920309, 10.065223434966446), (3.4563727442538954, 4.713790711823172)]
(0.024382182128688548, 0.08316466399541157) :  (0.4430971537867272, 0.7102718129889215)*[(0.024382182128688548, 0.08316466399541157), (4.654251263102464, 19.95502885003298), (20.09288214108117, 9.985299640704719), (14.861939691444688, 19.841058601060688), (10.717785583788473, 2.223396109709733), (10.20435737920309, 10.065223434966446), (3.4563727442538954, 4.713790711823172)]
(0.024382182128688548, 0.08316466399541157) :  (0.45474496859463076, -0.2966985137664241)*[(0.024382182128688548, 0.08316466399541157), (4.654251263102464, 19.95502885003298), (20.09288214108117, 9.985299640704719), (14.861939691444688, 19.841058601060688), (10.717785583788473, 2.223396109709733), (10.20435737920309, 10.065223434966446), (3.4563727442538954, 4.713790711823172)]
(0.024382182128688548, 0.08316466399541157) :  (0.5313335571854607, -0.8321928679274412)*[(0.024382182128688548, 0.08316466399541157), (4.654251263102464, 19.95502885003298), (20.09288214108117, 9.985299640704719), (14.861939691444688, 19.841058601060688), (10.717785583788473, 2.223396109709733), (10.20435737920309, 10.065223434966446), (3.4563727442538954, 4.713790711823172)]
(0.024382182128688548, 0.08316466399541157) :  (0.5320156876291431, -0.7609960460501358)*[(0.024382182128688548, 0.08316466399541157), (4.654251263102464, 19.95502885003298), (20.09288214108117, 9.985299640704719), (14.861939691444688, 19.841058601060688), (10.717785583788473, 2.223396109709733), (10.20435737920309, 10.065223434966446), (3.4563727442538954, 4.713790711823172)]
(0.024382182128688548, 0.08316466399541157) :  (0.5383151669054074, 0.19620887356299632)*[(0.024382182128688548, 0.08316466399541157), (4.654251263102464, 19.95502885003298), (20.09288214108117, 9.985299640704719), (14.861939691444688, 19.841058601060688), (10.717785583788473, 2.223396109709733), (10.20435737920309, 10.065223434966446), (3.4563727442538954, 4.713790711823172)]
(0.024382182128688548, 0.08316466399541157) :  (0.5604865739802825, 0.7634716056999147)*[(0.024382182128688548, 0.08316466399541157), (4.654251263102464, 19.95502885003298), (20.09288214108117, 9.985299640704719), (14.861939691444688, 19.841058601060688), (10.717785583788473, 2.223396109709733), (10.20435737920309, 10.065223434966446), (3.4563727442538954, 4.713790711823172)]
(0.024382182128688548, 0.08316466399541157) :  (0.5657442657627805, 0.3045009230846414)*[(0.024382182128688548, 0.08316466399541157), (4.654251263102464, 19.95502885003298), (20.09288214108117, 9.985299640704719), (14.861939691444688, 19.841058601060688), (10.717785583788473, 2.223396109709733), (10.20435737920309, 10.065223434966446), (3.4563727442538954, 4.713790711823172)]
(0.024382182128688548, 0.08316466399541157) :  (0.5730372503897374, 0.7593639898904527)*[(0.024382182128688548, 0.08316466399541157), (4.654251263102464, 19.95502885003298), (20.09288214108117, 9.985299640704719), (14.861939691444688, 19.841058601060688), (10.717785583788473, 2.223396109709733), (10.20435737920309, 10.065223434966446), (3.4563727442538954, 4.713790711823172)]
(0.024382182128688548, 0.08316466399541157) :  (0.5740765073341161, 0.1591047583206886)*[(0.024382182128688548, 0.08316466399541157), (4.654251263102464, 19.95502885003298), (20.09288214108117, 9.985299640704719), (14.861939691444688, 19.841058601060688), (10.717785583788473, 2.223396109709733), (10.20435737920309, 10.065223434966446), (3.4563727442538954, 4.713790711823172)]
(0.024382182128688548, 0.08316466399541157) :  (0.6288782826245827, 0.2635047967225964)*[(0.024382182128688548, 0.08316466399541157), (4.654251263102464, 19.95502885003298), (20.09288214108117, 9.985299640704719), (14.861939691444688, 19.841058601060688), (10.717785583788473, 2.223396109709733), (10.20435737920309, 10.065223434966446), (3.4563727442538954, 4.713790711823172)]
(0.024382182128688548, 0.08316466399541157) :  (0.6329512483437669, -0.5407865981052162)*[(0.024382182128688548, 0.08316466399541157), (4.654251263102464, 19.95502885003298), (20.09288214108117, 9.985299640704719), (14.861939691444688, 19.841058601060688), (10.717785583788473, 2.223396109709733), (10.20435737920309, 10.065223434966446), (3.4563727442538954, 4.713790711823172)]
(0.024382182128688548, 0.08316466399541157) :  (0.6830978170895443, -0.40828778750750694)*[(0.024382182128688548, 0.08316466399541157), (4.654251263102464, 19.95502885003298), (20.09288214108117, 9.985299640704719), (14.861939691444688, 19.841058601060688), (10.717785583788473, 2.223396109709733), (10.20435737920309, 10.065223434966446), (3.4563727442538954, 4.713790711823172)]
(0.024382182128688548, 0.08316466399541157) :  (0.6898904452837056, 0.20030665618016397)*[(0.024382182128688548, 0.08316466399541157), (4.654251263102464, 19.95502885003298), (20.09288214108117, 9.985299640704719), (14.861939691444688, 19.841058601060688), (10.717785583788473, 2.223396109709733), (10.20435737920309, 10.065223434966446), (3.4563727442538954, 4.713790711823172)]
(0.024382182128688548, 0.08316466399541157) :  (0.6903948112732419, 0.4993158317376687)*[(0.024382182128688548, 0.08316466399541157), (4.654251263102464, 19.95502885003298), (20.09288214108117, 9.985299640704719), (14.861939691444688, 19.841058601060688), (10.717785583788473, 2.223396109709733), (10.20435737920309, 10.065223434966446), (3.4563727442538954, 4.713790711823172)]
(0.024382182128688548, 0.08316466399541157) :  (0.6973628802016774, 0.41053906454855127)*[(0.024382182128688548, 0.08316466399541157), (4.654251263102464, 19.95502885003298), (20.09288214108117, 9.985299640704719), (14.861939691444688, 19.841058601060688), (10.717785583788473, 2.223396109709733), (10.20435737920309, 10.065223434966446), (3.4563727442538954, 4.713790711823172)]
(0.024382182128688548, 0.08316466399541157) :  (0.7154109738697203, 0.6647595411164755)*[(0.024382182128688548, 0.08316466399541157), (4.654251263102464, 19.95502885003298), (20.09288214108117, 9.985299640704719), (14.861939691444688, 19.841058601060688), (10.717785583788473, 2.223396109709733), (10.20435737920309, 10.065223434966446), (3.4563727442538954, 4.713790711823172)]
(0.024382182128688548, 0.08316466399541157) :  (0.7495718353559446, -0.6088754071116853)*[(0.024382182128688548, 0.08316466399541157), (4.654251263102464, 19.95502885003298), (20.09288214108117, 9.985299640704719), (14.861939691444688, 19.841058601060688), (10.717785583788473, 2.223396109709733), (10.20435737920309, 10.065223434966446), (3.4563727442538954, 4.713790711823172)]
(0.024382182128688548, 0.08316466399541157) :  (0.8086936484484224, 0.09773297505386624)*[(0.024382182128688548, 0.08316466399541157), (4.654251263102464, 19.95502885003298), (20.09288214108117, 9.985299640704719), (14.861939691444688, 19.841058601060688), (10.717785583788473, 2.223396109709733), (10.20435737920309, 10.065223434966446), (3.4563727442538954, 4.713790711823172)]
(0.024382182128688548, 0.08316466399541157) :  (0.9018911238126626, 0.38599751831616985)*[(0.024382182128688548, 0.08316466399541157), (4.654251263102464, 19.95502885003298), (20.09288214108117, 9.985299640704719), (14.861939691444688, 19.841058601060688), (10.717785583788473, 2.223396109709733), (10.20435737920309, 10.065223434966446), (3.4563727442538954, 4.713790711823172)]
(0.024382182128688548, 0.08316466399541157) :  (0.9067418783033299, -0.08239300932550608)*[(0.024382182128688548, 0.08316466399541157), (4.654251263102464, 19.95502885003298), (20.09288214108117, 9.985299640704719), (14.861939691444688, 19.841058601060688), (10.717785583788473, 2.223396109709733), (10.20435737920309, 10.065223434966446), (3.4563727442538954, 4.713790711823172)]
(0.024382182128688548, 0.08316466399541157) :  (0.9255170441572007, -0.17194581524225333)*[(0.024382182128688548, 0.08316466399541157), (4.654251263102464, 19.95502885003298), (20.09288214108117, 9.985299640704719), (14.861939691444688, 19.841058601060688), (10.717785583788473, 2.223396109709733), (10.20435737920309, 10.065223434966446), (3.4563727442538954, 4.713790711823172)]
(0.024382182128688548, 0.08316466399541157) :  (0.92993094681844, -0.3524579775038351)*[(0.024382182128688548, 0.08316466399541157), (4.654251263102464, 19.95502885003298), (20.09288214108117, 9.985299640704719), (14.861939691444688, 19.841058601060688), (10.717785583788473, 2.223396109709733), (10.20435737920309, 10.065223434966446), (3.4563727442538954, 4.713790711823172)]
(0.024382182128688548, 0.08316466399541157) :  (0.9624893049717187, 0.13347089637849907)*[(0.024382182128688548, 0.08316466399541157), (4.654251263102464, 19.95502885003298), (20.09288214108117, 9.985299640704719), (14.861939691444688, 19.841058601060688), (10.717785583788473, 2.223396109709733), (10.20435737920309, 10.065223434966446), (3.4563727442538954, 4.713790711823172)]
(0.024382182128688548, 0.08316466399541157) :  (0.9731897054342309, -0.14206785147234918)*[(0.024382182128688548, 0.08316466399541157), (4.654251263102464, 19.95502885003298), (20.09288214108117, 9.985299640704719), (14.861939691444688, 19.841058601060688), (10.717785583788473, 2.223396109709733), (10.20435737920309, 10.065223434966446), (3.4563727442538954, 4.713790711823172)]
(0.024382182128688548, 0.08316466399541157) :  (0.97340991929065, -0.13494529786818937)*[(0.024382182128688548, 0.08316466399541157), (4.654251263102464, 19.95502885003298), (20.09288214108117, 9.985299640704719), (14.861939691444688, 19.841058601060688), (10.717785583788473, 2.223396109709733), (10.20435737920309, 10.065223434966446), (3.4563727442538954, 4.713790711823172)]
(4.654251263102464, 19.95502885003298) :  (2.036037055463445, 19.936962769921653)*[(0.024382182128688548, 0.08316466399541157), (4.654251263102464, 19.95502885003298), (20.09288214108117, 9.985299640704719), (14.861939691444688, 19.841058601060688), (10.717785583788473, 2.223396109709733), (10.20435737920309, 10.065223434966446), (3.4563727442538954, 4.713790711823172)]
(4.654251263102464, 19.95502885003298) :  (2.1091579048691145, 19.33274927349242)*[(0.024382182128688548, 0.08316466399541157), (4.654251263102464, 19.95502885003298), (20.09288214108117, 9.985299640704719), (14.861939691444688, 19.841058601060688), (10.717785583788473, 2.223396109709733), (10.20435737920309, 10.065223434966446), (3.4563727442538954, 4.713790711823172)]
(4.654251263102464, 19.95502885003298) :  (2.1938171552738384, 19.496930372564844)*[(0.024382182128688548, 0.08316466399541157), (4.654251263102464, 19.95502885003298), (20.09288214108117, 9.985299640704719), (14.861939691444688, 19.841058601060688), (10.717785583788473, 2.223396109709733), (10.20435737920309, 10.065223434966446), (3.4563727442538954, 4.713790711823172)]
(4.654251263102464, 19.95502885003298) :  (2.244208094671669, 20.623355038045137)*[(0.024382182128688548, 0.08316466399541157), (4.654251263102464, 19.95502885003298), (20.09288214108117, 9.985299640704719), (14.861939691444688, 19.841058601060688), (10.717785583788473, 2.223396109709733), (10.20435737920309, 10.065223434966446), (3.4563727442538954, 4.713790711823172)]
(4.654251263102464, 19.95502885003298) :  (2.2586141033683687, 19.444415335644113)*[(0.024382182128688548, 0.08316466399541157), (4.654251263102464, 19.95502885003298), (20.09288214108117, 9.985299640704719), (14.861939691444688, 19.841058601060688), (10.717785583788473, 2.223396109709733), (10.20435737920309, 10.065223434966446), (3.4563727442538954, 4.713790711823172)]
(4.654251263102464, 19.95502885003298) :  (2.302240178293504, 19.359110954337137)*[(0.024382182128688548, 0.08316466399541157), (4.654251263102464, 19.95502885003298), (20.09288214108117, 9.985299640704719), (14.861939691444688, 19.841058601060688), (10.717785583788473, 2.223396109709733), (10.20435737920309, 10.065223434966446), (3.4563727442538954, 4.713790711823172)]
(4.654251263102464, 19.95502885003298) :  (2.3515486877674023, 20.39285293361661)*[(0.024382182128688548, 0.08316466399541157), (4.654251263102464, 19.95502885003298), (20.09288214108117, 9.985299640704719), (14.861939691444688, 19.841058601060688), (10.717785583788473, 2.223396109709733), (10.20435737920309, 10.065223434966446), (3.4563727442538954, 4.713790711823172)]
(4.654251263102464, 19.95502885003298) :  (2.3614108988688023, 20.449875001513156)*[(0.024382182128688548, 0.08316466399541157), (4.654251263102464, 19.95502885003298), (20.09288214108117, 9.985299640704719), (14.861939691444688, 19.841058601060688), (10.717785583788473, 2.223396109709733), (10.20435737920309, 10.065223434966446), (3.4563727442538954, 4.713790711823172)]
(4.654251263102464, 19.95502885003298) :  (2.3625668390238244, 20.768387901258066)*[(0.024382182128688548, 0.08316466399541157), (4.654251263102464, 19.95502885003298), (20.09288214108117, 9.985299640704719), (14.861939691444688, 19.841058601060688), (10.717785583788473, 2.223396109709733), (10.20435737920309, 10.065223434966446), (3.4563727442538954, 4.713790711823172)]
(4.654251263102464, 19.95502885003298) :  (2.3817967285807597, 21.411366341902077)*[(0.024382182128688548, 0.08316466399541157), (4.654251263102464, 19.95502885003298), (20.09288214108117, 9.985299640704719), (14.861939691444688, 19.841058601060688), (10.717785583788473, 2.223396109709733), (10.20435737920309, 10.065223434966446), (3.4563727442538954, 4.713790711823172)]
(4.654251263102464, 19.95502885003298) :  (2.4461368805554375, 19.166714203187176)*[(0.024382182128688548, 0.08316466399541157), (4.654251263102464, 19.95502885003298), (20.09288214108117, 9.985299640704719), (14.861939691444688, 19.841058601060688), (10.717785583788473, 2.223396109709733), (10.20435737920309, 10.065223434966446), (3.4563727442538954, 4.713790711823172)]
(4.654251263102464, 19.95502885003298) :  (2.4756103713320936, 21.26367437998912)*[(0.024382182128688548, 0.08316466399541157), (4.654251263102464, 19.95502885003298), (20.09288214108117, 9.985299640704719), (14.861939691444688, 19.841058601060688), (10.717785583788473, 2.223396109709733), (10.20435737920309, 10.065223434966446), (3.4563727442538954, 4.713790711823172)]
(4.654251263102464, 19.95502885003298) :  (2.512250189666016, 20.564733635484064)*[(0.024382182128688548, 0.08316466399541157), (4.654251263102464, 19.95502885003298), (20.09288214108117, 9.985299640704719), (14.861939691444688, 19.841058601060688), (10.717785583788473, 2.223396109709733), (10.20435737920309, 10.065223434966446), (3.4563727442538954, 4.713790711823172)]
(4.654251263102464, 19.95502885003298) :  (2.528529468512012, 20.056272473674657)*[(0.024382182128688548, 0.08316466399541157), (4.654251263102464, 19.95502885003298), (20.09288214108117, 9.985299640704719), (14.861939691444688, 19.841058601060688), (10.717785583788473, 2.223396109709733), (10.20435737920309, 10.065223434966446), (3.4563727442538954, 4.713790711823172)]
(4.654251263102464, 19.95502885003298) :  (2.5345958802275215, 18.77321416457495)*[(0.024382182128688548, 0.08316466399541157), (4.654251263102464, 19.95502885003298), (20.09288214108117, 9.985299640704719), (14.861939691444688, 19.841058601060688), (10.717785583788473, 2.223396109709733), (10.20435737920309, 10.065223434966446), (3.4563727442538954, 4.713790711823172)]
(4.654251263102464, 19.95502885003298) :  (2.669770185347627, 19.268320853271188)*[(0.024382182128688548, 0.08316466399541157), (4.654251263102464, 19.95502885003298), (20.09288214108117, 9.985299640704719), (14.861939691444688, 19.841058601060688), (10.717785583788473, 2.223396109709733), (10.20435737920309, 10.065223434966446), (3.4563727442538954, 4.713790711823172)]
(4.654251263102464, 19.95502885003298) :  (2.694082011799082, 18.367961570449456)*[(0.024382182128688548, 0.08316466399541157), (4.654251263102464, 19.95502885003298), (20.09288214108117, 9.985299640704719), (14.861939691444688, 19.841058601060688), (10.717785583788473, 2.223396109709733), (10.20435737920309, 10.065223434966446), (3.4563727442538954, 4.713790711823172)]
(4.654251263102464, 19.95502885003298) :  (2.7046892914655043, 19.48609264889819)*[(0.024382182128688548, 0.08316466399541157), (4.654251263102464, 19.95502885003298), (20.09288214108117, 9.985299640704719), (14.861939691444688, 19.841058601060688), (10.717785583788473, 2.223396109709733), (10.20435737920309, 10.065223434966446), (3.4563727442538954, 4.713790711823172)]
(4.654251263102464, 19.95502885003298) :  (2.730147705417986, 20.65218882496803)*[(0.024382182128688548, 0.08316466399541157), (4.654251263102464, 19.95502885003298), (20.09288214108117, 9.985299640704719), (14.861939691444688, 19.841058601060688), (10.717785583788473, 2.223396109709733), (10.20435737920309, 10.065223434966446), (3.4563727442538954, 4.713790711823172)]
(4.654251263102464, 19.95502885003298) :  (2.7573170295206113, 21.28919121005542)*[(0.024382182128688548, 0.08316466399541157), (4.654251263102464, 19.95502885003298), (20.09288214108117, 9.985299640704719), (14.861939691444688, 19.841058601060688), (10.717785583788473, 2.223396109709733), (10.20435737920309, 10.065223434966446), (3.4563727442538954, 4.713790711823172)]
(4.654251263102464, 19.95502885003298) :  (2.7648245969264007, 20.357720176067563)*[(0.024382182128688548, 0.08316466399541157), (4.654251263102464, 19.95502885003298), (20.09288214108117, 9.985299640704719), (14.861939691444688, 19.841058601060688), (10.717785583788473, 2.223396109709733), (10.20435737920309, 10.065223434966446), (3.4563727442538954, 4.713790711823172)]
(4.654251263102464, 19.95502885003298) :  (2.889166493190752, 21.532869736104132)*[(0.024382182128688548, 0.08316466399541157), (4.654251263102464, 19.95502885003298), (20.09288214108117, 9.985299640704719), (14.861939691444688, 19.841058601060688), (10.717785583788473, 2.223396109709733), (10.20435737920309, 10.065223434966446), (3.4563727442538954, 4.713790711823172)]
(4.654251263102464, 19.95502885003298) :  (2.9963351728477914, 19.223722880669733)*[(0.024382182128688548, 0.08316466399541157), (4.654251263102464, 19.95502885003298), (20.09288214108117, 9.985299640704719), (14.861939691444688, 19.841058601060688), (10.717785583788473, 2.223396109709733), (10.20435737920309, 10.065223434966446), (3.4563727442538954, 4.713790711823172)]
(4.654251263102464, 19.95502885003298) :  (2.999522367138962, 18.65813100681613)*[(0.024382182128688548, 0.08316466399541157), (4.654251263102464, 19.95502885003298), (20.09288214108117, 9.985299640704719), (14.861939691444688, 19.841058601060688), (10.717785583788473, 2.223396109709733), (10.20435737920309, 10.065223434966446), (3.4563727442538954, 4.713790711823172)]
(4.654251263102464, 19.95502885003298) :  (3.0036380358925454, 20.50717703334359)*[(0.024382182128688548, 0.08316466399541157), (4.654251263102464, 19.95502885003298), (20.09288214108117, 9.985299640704719), (14.861939691444688, 19.841058601060688), (10.717785583788473, 2.223396109709733), (10.20435737920309, 10.065223434966446), (3.4563727442538954, 4.713790711823172)]
(4.654251263102464, 19.95502885003298) :  (3.061683012143588, 17.810690817644414)*[(0.024382182128688548, 0.08316466399541157), (4.654251263102464, 19.95502885003298), (20.09288214108117, 9.985299640704719), (14.861939691444688, 19.841058601060688), (10.717785583788473, 2.223396109709733), (10.20435737920309, 10.065223434966446), (3.4563727442538954, 4.713790711823172)]
(4.654251263102464, 19.95502885003298) :  (3.1422806476580014, 20.923510894324057)*[(0.024382182128688548, 0.08316466399541157), (4.654251263102464, 19.95502885003298), (20.09288214108117, 9.985299640704719), (14.861939691444688, 19.841058601060688), (10.717785583788473, 2.223396109709733), (10.20435737920309, 10.065223434966446), (3.4563727442538954, 4.713790711823172)]
(4.654251263102464, 19.95502885003298) :  (3.1711677276316546, 18.356962413190452)*[(0.024382182128688548, 0.08316466399541157), (4.654251263102464, 19.95502885003298), (20.09288214108117, 9.985299640704719), (14.861939691444688, 19.841058601060688), (10.717785583788473, 2.223396109709733), (10.20435737920309, 10.065223434966446), (3.4563727442538954, 4.713790711823172)]
(4.654251263102464, 19.95502885003298) :  (3.2170044400652933, 21.735491406367057)*[(0.024382182128688548, 0.08316466399541157), (4.654251263102464, 19.95502885003298), (20.09288214108117, 9.985299640704719), (14.861939691444688, 19.841058601060688), (10.717785583788473, 2.223396109709733), (10.20435737920309, 10.065223434966446), (3.4563727442538954, 4.713790711823172)]
(4.654251263102464, 19.95502885003298) :  (3.2243953180008034, 20.841454356476188)*[(0.024382182128688548, 0.08316466399541157), (4.654251263102464, 19.95502885003298), (20.09288214108117, 9.985299640704719), (14.861939691444688, 19.841058601060688), (10.717785583788473, 2.223396109709733), (10.20435737920309, 10.065223434966446), (3.4563727442538954, 4.713790711823172)]
(4.654251263102464, 19.95502885003298) :  (3.2544008185908186, 19.326041308401376)*[(0.024382182128688548, 0.08316466399541157), (4.654251263102464, 19.95502885003298), (20.09288214108117, 9.985299640704719), (14.861939691444688, 19.841058601060688), (10.717785583788473, 2.223396109709733), (10.20435737920309, 10.065223434966446), (3.4563727442538954, 4.713790711823172)]
(4.654251263102464, 19.95502885003298) :  (3.2606705759224286, 21.503223577481755)*[(0.024382182128688548, 0.08316466399541157), (4.654251263102464, 19.95502885003298), (20.09288214108117, 9.985299640704719), (14.861939691444688, 19.841058601060688), (10.717785583788473, 2.223396109709733), (10.20435737920309, 10.065223434966446), (3.4563727442538954, 4.713790711823172)]
(4.654251263102464, 19.95502885003298) :  (3.322212616058873, 21.44736105424838)*[(0.024382182128688548, 0.08316466399541157), (4.654251263102464, 19.95502885003298), (20.09288214108117, 9.985299640704719), (14.861939691444688, 19.841058601060688), (10.717785583788473, 2.223396109709733), (10.20435737920309, 10.065223434966446), (3.4563727442538954, 4.713790711823172)]
(4.654251263102464, 19.95502885003298) :  (3.489429907835694, 20.275219294344815)*[(0.024382182128688548, 0.08316466399541157), (4.654251263102464, 19.95502885003298), (20.09288214108117, 9.985299640704719), (14.861939691444688, 19.841058601060688), (10.717785583788473, 2.223396109709733), (10.20435737920309, 10.065223434966446), (3.4563727442538954, 4.713790711823172)]
(4.654251263102464, 19.95502885003298) :  (3.4978371871279723, 17.989405371766345)*[(0.024382182128688548, 0.08316466399541157), (4.654251263102464, 19.95502885003298), (20.09288214108117, 9.985299640704719), (14.861939691444688, 19.841058601060688), (10.717785583788473, 2.223396109709733), (10.20435737920309, 10.065223434966446), (3.4563727442538954, 4.713790711823172)]
(4.654251263102464, 19.95502885003298) :  (3.519817922964495, 19.013782663431314)*[(0.024382182128688548, 0.08316466399541157), (4.654251263102464, 19.95502885003298), (20.09288214108117, 9.985299640704719), (14.861939691444688, 19.841058601060688), (10.717785583788473, 2.223396109709733), (10.20435737920309, 10.065223434966446), (3.4563727442538954, 4.713790711823172)]
(4.654251263102464, 19.95502885003298) :  (3.574844471258703, 20.85172219230123)*[(0.024382182128688548, 0.08316466399541157), (4.654251263102464, 19.95502885003298), (20.09288214108117, 9.985299640704719), (14.861939691444688, 19.841058601060688), (10.717785583788473, 2.223396109709733), (10.20435737920309, 10.065223434966446), (3.4563727442538954, 4.713790711823172)]
(4.654251263102464, 19.95502885003298) :  (3.6093512918557185, 21.60135813474522)*[(0.024382182128688548, 0.08316466399541157), (4.654251263102464, 19.95502885003298), (20.09288214108117, 9.985299640704719), (14.861939691444688, 19.841058601060688), (10.717785583788473, 2.223396109709733), (10.20435737920309, 10.065223434966446), (3.4563727442538954, 4.713790711823172)]
(4.654251263102464, 19.95502885003298) :  (3.6231668614137034, 19.69176134922609)*[(0.024382182128688548, 0.08316466399541157), (4.654251263102464, 19.95502885003298), (20.09288214108117, 9.985299640704719), (14.861939691444688, 19.841058601060688), (10.717785583788473, 2.223396109709733), (10.20435737920309, 10.065223434966446), (3.4563727442538954, 4.713790711823172)]
(4.654251263102464, 19.95502885003298) :  (3.629576532364041, 21.452425544047404)*[(0.024382182128688548, 0.08316466399541157), (4.654251263102464, 19.95502885003298), (20.09288214108117, 9.985299640704719), (14.861939691444688, 19.841058601060688), (10.717785583788473, 2.223396109709733), (10.20435737920309, 10.065223434966446), (3.4563727442538954, 4.713790711823172)]
(4.654251263102464, 19.95502885003298) :  (3.8172836864365154, 21.60965616866782)*[(0.024382182128688548, 0.08316466399541157), (4.654251263102464, 19.95502885003298), (20.09288214108117, 9.985299640704719), (14.861939691444688, 19.841058601060688), (10.717785583788473, 2.223396109709733), (10.20435737920309, 10.065223434966446), (3.4563727442538954, 4.713790711823172)]
(4.654251263102464, 19.95502885003298) :  (3.9987969593003263, 21.64811458126652)*[(0.024382182128688548, 0.08316466399541157), (4.654251263102464, 19.95502885003298), (20.09288214108117, 9.985299640704719), (14.861939691444688, 19.841058601060688), (10.717785583788473, 2.223396109709733), (10.20435737920309, 10.065223434966446), (3.4563727442538954, 4.713790711823172)]
(4.654251263102464, 19.95502885003298) :  (4.029448480700487, 21.5547812113868)*[(0.024382182128688548, 0.08316466399541157), (4.654251263102464, 19.95502885003298), (20.09288214108117, 9.985299640704719), (14.861939691444688, 19.841058601060688), (10.717785583788473, 2.223396109709733), (10.20435737920309, 10.065223434966446), (3.4563727442538954, 4.713790711823172)]
(4.654251263102464, 19.95502885003298) :  (4.030821083321703, 19.42960584814667)*[(0.024382182128688548, 0.08316466399541157), (4.654251263102464, 19.95502885003298), (20.09288214108117, 9.985299640704719), (14.861939691444688, 19.841058601060688), (10.717785583788473, 2.223396109709733), (10.20435737920309, 10.065223434966446), (3.4563727442538954, 4.713790711823172)]
(4.654251263102464, 19.95502885003298) :  (4.112219893893178, 20.39340017006481)*[(0.024382182128688548, 0.08316466399541157), (4.654251263102464, 19.95502885003298), (20.09288214108117, 9.985299640704719), (14.861939691444688, 19.841058601060688), (10.717785583788473, 2.223396109709733), (10.20435737920309, 10.065223434966446), (3.4563727442538954, 4.713790711823172)]
(4.654251263102464, 19.95502885003298) :  (4.133464027471425, 17.35878577103498)*[(0.024382182128688548, 0.08316466399541157), (4.654251263102464, 19.95502885003298), (20.09288214108117, 9.985299640704719), (14.861939691444688, 19.841058601060688), (10.717785583788473, 2.223396109709733), (10.20435737920309, 10.065223434966446), (3.4563727442538954, 4.713790711823172)]
(4.654251263102464, 19.95502885003298) :  (4.1372135184410075, 17.759582477790396)*[(0.024382182128688548, 0.08316466399541157), (4.654251263102464, 19.95502885003298), (20.09288214108117, 9.985299640704719), (14.861939691444688, 19.841058601060688), (10.717785583788473, 2.223396109709733), (10.20435737920309, 10.065223434966446), (3.4563727442538954, 4.713790711823172)]
(4.654251263102464, 19.95502885003298) :  (4.251666704268698, 17.598559041371395)*[(0.024382182128688548, 0.08316466399541157), (4.654251263102464, 19.95502885003298), (20.09288214108117, 9.985299640704719), (14.861939691444688, 19.841058601060688), (10.717785583788473, 2.223396109709733), (10.20435737920309, 10.065223434966446), (3.4563727442538954, 4.713790711823172)]
(4.654251263102464, 19.95502885003298) :  (4.52578568059503, 19.123103777130943)*[(0.024382182128688548, 0.08316466399541157), (4.654251263102464, 19.95502885003298), (20.09288214108117, 9.985299640704719), (14.861939691444688, 19.841058601060688), (10.717785583788473, 2.223396109709733), (10.20435737920309, 10.065223434966446), (3.4563727442538954, 4.713790711823172)]
(4.654251263102464, 19.95502885003298) :  (4.56828950519445, 20.958987859302404)*[(0.024382182128688548, 0.08316466399541157), (4.654251263102464, 19.95502885003298), (20.09288214108117, 9.985299640704719), (14.861939691444688, 19.841058601060688), (10.717785583788473, 2.223396109709733), (10.20435737920309, 10.065223434966446), (3.4563727442538954, 4.713790711823172)]
(4.654251263102464, 19.95502885003298) :  (4.575056836556766, 19.36947277084775)*[(0.024382182128688548, 0.08316466399541157), (4.654251263102464, 19.95502885003298), (20.09288214108117, 9.985299640704719), (14.861939691444688, 19.841058601060688), (10.717785583788473, 2.223396109709733), (10.20435737920309, 10.065223434966446), (3.4563727442538954, 4.713790711823172)]
(4.654251263102464, 19.95502885003298) :  (4.593842090210174, 17.454036371426568)*[(0.024382182128688548, 0.08316466399541157), (4.654251263102464, 19.95502885003298), (20.09288214108117, 9.985299640704719), (14.861939691444688, 19.841058601060688), (10.717785583788473, 2.223396109709733), (10.20435737920309, 10.065223434966446), (3.4563727442538954, 4.713790711823172)]
(4.654251263102464, 19.95502885003298) :  (4.674103680527258, 17.534658081295948)*[(0.024382182128688548, 0.08316466399541157), (4.654251263102464, 19.95502885003298), (20.09288214108117, 9.985299640704719), (14.861939691444688, 19.841058601060688), (10.717785583788473, 2.223396109709733), (10.20435737920309, 10.065223434966446), (3.4563727442538954, 4.713790711823172)]
(4.654251263102464, 19.95502885003298) :  (4.714137092407205, 21.779791328098)*[(0.024382182128688548, 0.08316466399541157), (4.654251263102464, 19.95502885003298), (20.09288214108117, 9.985299640704719), (14.861939691444688, 19.841058601060688), (10.717785583788473, 2.223396109709733), (10.20435737920309, 10.065223434966446), (3.4563727442538954, 4.713790711823172)]
(4.654251263102464, 19.95502885003298) :  (4.771972401818383, 22.273760341494203)*[(0.024382182128688548, 0.08316466399541157), (4.654251263102464, 19.95502885003298), (20.09288214108117, 9.985299640704719), (14.861939691444688, 19.841058601060688), (10.717785583788473, 2.223396109709733), (10.20435737920309, 10.065223434966446), (3.4563727442538954, 4.713790711823172)]
(4.654251263102464, 19.95502885003298) :  (4.807255438031705, 18.31727904036452)*[(0.024382182128688548, 0.08316466399541157), (4.654251263102464, 19.95502885003298), (20.09288214108117, 9.985299640704719), (14.861939691444688, 19.841058601060688), (10.717785583788473, 2.223396109709733), (10.20435737920309, 10.065223434966446), (3.4563727442538954, 4.713790711823172)]
(4.654251263102464, 19.95502885003298) :  (4.872385032458093, 20.609843773985013)*[(0.024382182128688548, 0.08316466399541157), (4.654251263102464, 19.95502885003298), (20.09288214108117, 9.985299640704719), (14.861939691444688, 19.841058601060688), (10.717785583788473, 2.223396109709733), (10.20435737920309, 10.065223434966446), (3.4563727442538954, 4.713790711823172)]
(4.654251263102464, 19.95502885003298) :  (4.970110278626443, 18.70160490552937)*[(0.024382182128688548, 0.08316466399541157), (4.654251263102464, 19.95502885003298), (20.09288214108117, 9.985299640704719), (14.861939691444688, 19.841058601060688), (10.717785583788473, 2.223396109709733), (10.20435737920309, 10.065223434966446), (3.4563727442538954, 4.713790711823172)]
(4.654251263102464, 19.95502885003298) :  (4.980854701760349, 19.415891199383793)*[(0.024382182128688548, 0.08316466399541157), (4.654251263102464, 19.95502885003298), (20.09288214108117, 9.985299640704719), (14.861939691444688, 19.841058601060688), (10.717785583788473, 2.223396109709733), (10.20435737920309, 10.065223434966446), (3.4563727442538954, 4.713790711823172)]
(4.654251263102464, 19.95502885003298) :  (5.059574827988119, 21.037105081764476)*[(0.024382182128688548, 0.08316466399541157), (4.654251263102464, 19.95502885003298), (20.09288214108117, 9.985299640704719), (14.861939691444688, 19.841058601060688), (10.717785583788473, 2.223396109709733), (10.20435737920309, 10.065223434966446), (3.4563727442538954, 4.713790711823172)]
(4.654251263102464, 19.95502885003298) :  (5.091064386186372, 18.960194043927313)*[(0.024382182128688548, 0.08316466399541157), (4.654251263102464, 19.95502885003298), (20.09288214108117, 9.985299640704719), (14.861939691444688, 19.841058601060688), (10.717785583788473, 2.223396109709733), (10.20435737920309, 10.065223434966446), (3.4563727442538954, 4.713790711823172)]
(4.654251263102464, 19.95502885003298) :  (5.141931220051934, 22.726041810452934)*[(0.024382182128688548, 0.08316466399541157), (4.654251263102464, 19.95502885003298), (20.09288214108117, 9.985299640704719), (14.861939691444688, 19.841058601060688), (10.717785583788473, 2.223396109709733), (10.20435737920309, 10.065223434966446), (3.4563727442538954, 4.713790711823172)]
(4.654251263102464, 19.95502885003298) :  (5.353960049964396, 20.56055662457047)*[(0.024382182128688548, 0.08316466399541157), (4.654251263102464, 19.95502885003298), (20.09288214108117, 9.985299640704719), (14.861939691444688, 19.841058601060688), (10.717785583788473, 2.223396109709733), (10.20435737920309, 10.065223434966446), (3.4563727442538954, 4.713790711823172)]
(4.654251263102464, 19.95502885003298) :  (5.393579909066126, 17.712838881694104)*[(0.024382182128688548, 0.08316466399541157), (4.654251263102464, 19.95502885003298), (20.09288214108117, 9.985299640704719), (14.861939691444688, 19.841058601060688), (10.717785583788473, 2.223396109709733), (10.20435737920309, 10.065223434966446), (3.4563727442538954, 4.713790711823172)]
(4.654251263102464, 19.95502885003298) :  (5.4272632220754025, 21.292429310489272)*[(0.024382182128688548, 0.08316466399541157), (4.654251263102464, 19.95502885003298), (20.09288214108117, 9.985299640704719), (14.861939691444688, 19.841058601060688), (10.717785583788473, 2.223396109709733), (10.20435737920309, 10.065223434966446), (3.4563727442538954, 4.713790711823172)]
(4.654251263102464, 19.95502885003298) :  (5.648330353676547, 21.02935667170087)*[(0.024382182128688548, 0.08316466399541157), (4.654251263102464, 19.95502885003298), (20.09288214108117, 9.985299640704719), (14.861939691444688, 19.841058601060688), (10.717785583788473, 2.223396109709733), (10.20435737920309, 10.065223434966446), (3.4563727442538954, 4.713790711823172)]
(4.654251263102464, 19.95502885003298) :  (5.68698886680883, 18.58216867681437)*[(0.024382182128688548, 0.08316466399541157), (4.654251263102464, 19.95502885003298), (20.09288214108117, 9.985299640704719), (14.861939691444688, 19.841058601060688), (10.717785583788473, 2.223396109709733), (10.20435737920309, 10.065223434966446), (3.4563727442538954, 4.713790711823172)]
(4.654251263102464, 19.95502885003298) :  (5.724142227989571, 19.82329881655376)*[(0.024382182128688548, 0.08316466399541157), (4.654251263102464, 19.95502885003298), (20.09288214108117, 9.985299640704719), (14.861939691444688, 19.841058601060688), (10.717785583788473, 2.223396109709733), (10.20435737920309, 10.065223434966446), (3.4563727442538954, 4.713790711823172)]
(4.654251263102464, 19.95502885003298) :  (5.756931553354524, 20.942827991975374)*[(0.024382182128688548, 0.08316466399541157), (4.654251263102464, 19.95502885003298), (20.09288214108117, 9.985299640704719), (14.861939691444688, 19.841058601060688), (10.717785583788473, 2.223396109709733), (10.20435737920309, 10.065223434966446), (3.4563727442538954, 4.713790711823172)]
(4.654251263102464, 19.95502885003298) :  (5.956055224038723, 21.929715325293966)*[(0.024382182128688548, 0.08316466399541157), (4.654251263102464, 19.95502885003298), (20.09288214108117, 9.985299640704719), (14.861939691444688, 19.841058601060688), (10.717785583788473, 2.223396109709733), (10.20435737920309, 10.065223434966446), (3.4563727442538954, 4.713790711823172)]
(4.654251263102464, 19.95502885003298) :  (6.007580293882814, 22.16433525923391)*[(0.024382182128688548, 0.08316466399541157), (4.654251263102464, 19.95502885003298), (20.09288214108117, 9.985299640704719), (14.861939691444688, 19.841058601060688), (10.717785583788473, 2.223396109709733), (10.20435737920309, 10.065223434966446), (3.4563727442538954, 4.713790711823172)]
(4.654251263102464, 19.95502885003298) :  (6.023104637441727, 22.552854412363367)*[(0.024382182128688548, 0.08316466399541157), (4.654251263102464, 19.95502885003298), (20.09288214108117, 9.985299640704719), (14.861939691444688, 19.841058601060688), (10.717785583788473, 2.223396109709733), (10.20435737920309, 10.065223434966446), (3.4563727442538954, 4.713790711823172)]
(4.654251263102464, 19.95502885003298) :  (6.076436163557843, 17.344314750756013)*[(0.024382182128688548, 0.08316466399541157), (4.654251263102464, 19.95502885003298), (20.09288214108117, 9.985299640704719), (14.861939691444688, 19.841058601060688), (10.717785583788473, 2.223396109709733), (10.20435737920309, 10.065223434966446), (3.4563727442538954, 4.713790711823172)]
(4.654251263102464, 19.95502885003298) :  (6.079685280325747, 21.42475604813861)*[(0.024382182128688548, 0.08316466399541157), (4.654251263102464, 19.95502885003298), (20.09288214108117, 9.985299640704719), (14.861939691444688, 19.841058601060688), (10.717785583788473, 2.223396109709733), (10.20435737920309, 10.065223434966446), (3.4563727442538954, 4.713790711823172)]
(4.654251263102464, 19.95502885003298) :  (6.1989263557000065, 19.01170346716538)*[(0.024382182128688548, 0.08316466399541157), (4.654251263102464, 19.95502885003298), (20.09288214108117, 9.985299640704719), (14.861939691444688, 19.841058601060688), (10.717785583788473, 2.223396109709733), (10.20435737920309, 10.065223434966446), (3.4563727442538954, 4.713790711823172)]
