(0, 2)*(0.2128619412505537, -0.550024013103734)*[(0, 2), (12, 14), (24, 12), (13, 3), (5, 4), (10, 19), (17, 19)]
(0, 2)*(0.4019326119133402, -0.3404743335048105)*[(0, 2), (12, 14), (24, 12), (13, 3), (5, 4), (10, 19), (17, 19)]
(0, 2)*(0.957988737242583, 0.12851803285254282)*[(0, 2), (12, 14), (24, 12), (13, 3), (5, 4), (10, 19), (17, 19)]
(0, 2)*(-0.2806951957247883, -0.8692999699023198)*[(0, 2), (12, 14), (24, 12), (13, 3), (5, 4), (10, 19), (17, 19)]
(0, 2)*(0.2515485869199974, 0.5965150122899128)*[(0, 2), (12, 14), (24, 12), (13, 3), (5, 4), (10, 19), (17, 19)]
(0, 2)*(-0.17614549351423747, -0.26246253250970375)*[(0, 2), (12, 14), (24, 12), (13, 3), (5, 4), (10, 19), (17, 19)]
(0, 2)*(-0.8233689769237698, 0.2431832107272749)*[(0, 2), (12, 14), (24, 12), (13, 3), (5, 4), (10, 19), (17, 19)]
(0, 2)*(-0.7252281197743617, 0.6332924756280122)*[(0, 2), (12, 14), (24, 12), (13, 3), (5, 4), (10, 19), (17, 19)]
(0, 2)*(0.8968377717528186, 0.2871081581239563)*[(0, 2), (12, 14), (24, 12), (13, 3), (5, 4), (10, 19), (17, 19)]
(0, 2)*(0.8156996428885823, 0.4607994446224901)*[(0, 2), (12, 14), (24, 12), (13, 3), (5, 4), (10, 19), (17, 19)]
(0, 2)*(-0.339455557299968, -0.014027211224289071)*[(0, 2), (12, 14), (24, 12), (13, 3), (5, 4), (10, 19), (17, 19)]
(0, 2)*(-0.2592963394912928, -0.4617783384795353)*[(0, 2), (12, 14), (24, 12), (13, 3), (5, 4), (10, 19), (17, 19)]
(0, 2)*(-0.5381688314627642, -0.7978451198270273)*[(0, 2), (12, 14), (24, 12), (13, 3), (5, 4), (10, 19), (17, 19)]
(0, 2)*(-0.9148663675861362, -0.3580448887332673)*[(0, 2), (12, 14), (24, 12), (13, 3), (5, 4), (10, 19), (17, 19)]
(0, 2)*(-0.5841197928069854, -0.1294335949128027)*[(0, 2), (12, 14), (24, 12), (13, 3), (5, 4), (10, 19), (17, 19)]
(0, 2)*(-0.5361924659018613, 0.46935388931224586)*[(0, 2), (12, 14), (24, 12), (13, 3), (5, 4), (10, 19), (17, 19)]
(0, 2)*(-0.7506457631567447, -0.41563657088726846)*[(0, 2), (12, 14), (24, 12), (13, 3), (5, 4), (10, 19), (17, 19)]
(0, 2)*(0.6683281929538034, -0.6568919675632967)*[(0, 2), (12, 14), (24, 12), (13, 3), (5, 4), (10, 19), (17, 19)]
(0, 2)*(-0.018239638295326488, 0.8099012819833121)*[(0, 2), (12, 14), (24, 12), (13, 3), (5, 4), (10, 19), (17, 19)]
(0, 2)*(-0.9892744167952814, -0.001614762903866085)*[(0, 2), (12, 14), (24, 12), (13, 3), (5, 4), (10, 19), (17, 19)]
(0, 2)*(-0.4519929039461785, 0.7386533149854981)*[(0, 2), (12, 14), (24, 12), (13, 3), (5, 4), (10, 19), (17, 19)]
(0, 2)*(-0.27692524241721306, 0.4058006610835363)*[(0, 2), (12, 14), (24, 12), (13, 3), (5, 4), (10, 19), (17, 19)]
(0, 2)*(0.8817556380179943, 0.11073265198360183)*[(0, 2), (12, 14), (24, 12), (13, 3), (5, 4), (10, 19), (17, 19)]
(0, 2)*(-0.7184374418165065, -0.513241517582152)*[(0, 2), (12, 14), (24, 12), (13, 3), (5, 4), (10, 19), (17, 19)]
(0, 2)*(0.10443417931408616, 0.4592193103135557)*[(0, 2), (12, 14), (24, 12), (13, 3), (5, 4), (10, 19), (17, 19)]
(0, 2)*(-0.9305576816650529, 0.1728120955933063)*[(0, 2), (12, 14), (24, 12), (13, 3), (5, 4), (10, 19), (17, 19)]
(0, 2)*(0.9927679062992318, -0.11016784048998074)*[(0, 2), (12, 14), (24, 12), (13, 3), (5, 4), (10, 19), (17, 19)]
(0, 2)*(0.6755625831543868, -0.10854120398351674)*[(0, 2), (12, 14), (24, 12), (13, 3), (5, 4), (10, 19), (17, 19)]
(0, 2)*(0.028550634077822545, -0.6353797024626862)*[(0, 2), (12, 14), (24, 12), (13, 3), (5, 4), (10, 19), (17, 19)]
(0, 2)*(-0.2531446657990504, -0.24125364374409342)*[(0, 2), (12, 14), (24, 12), (13, 3), (5, 4), (10, 19), (17, 19)]
(0, 2)*(-0.02406956143869521, -0.3165176400206673)*[(0, 2), (12, 14), (24, 12), (13, 3), (5, 4), (10, 19), (17, 19)]
(0, 2)*(0.27360240861544516, 0.47076484621936476)*[(0, 2), (12, 14), (24, 12), (13, 3), (5, 4), (10, 19), (17, 19)]
(0, 2)*(0.19908237965277742, -0.0005976539215701848)*[(0, 2), (12, 14), (24, 12), (13, 3), (5, 4), (10, 19), (17, 19)]
(0, 2)*(-0.612954605734015, -0.16204490214238887)*[(0, 2), (12, 14), (24, 12), (13, 3), (5, 4), (10, 19), (17, 19)]
(0, 2)*(-0.7261439456681751, -0.060253834572123965)*[(0, 2), (12, 14), (24, 12), (13, 3), (5, 4), (10, 19), (17, 19)]
(0, 2)*(0.28485059192512296, -0.307776029761036)*[(0, 2), (12, 14), (24, 12), (13, 3), (5, 4), (10, 19), (17, 19)]
(0, 2)*(0.837252724987928, -0.30780433768398585)*[(0, 2), (12, 14), (24, 12), (13, 3), (5, 4), (10, 19), (17, 19)]
(0, 2)*(0.36609734905558744, -0.5808983012450792)*[(0, 2), (12, 14), (24, 12), (13, 3), (5, 4), (10, 19), (17, 19)]
(0, 2)*(0.3925299446729167, 0.56976370971727)*[(0, 2), (12, 14), (24, 12), (13, 3), (5, 4), (10, 19), (17, 19)]
(0, 2)*(0.15860351218557556, -0.45712067872992757)*[(0, 2), (12, 14), (24, 12), (13, 3), (5, 4), (10, 19), (17, 19)]
(0, 2)*(-0.899198865044091, 0.2708291380179504)*[(0, 2), (12, 14), (24, 12), (13, 3), (5, 4), (10, 19), (17, 19)]
(0, 2)*(-0.6115590830338318, 0.005300866938099946)*[(0, 2), (12, 14), (24, 12), (13, 3), (5, 4), (10, 19), (17, 19)]
(0, 2)*(0.866358711696507, 0.03309769117525646)*[(0, 2), (12, 14), (24, 12), (13, 3), (5, 4), (10, 19), (17, 19)]
(0, 2)*(0.5948957875770866, -0.022528014820698328)*[(0, 2), (12, 14), (24, 12), (13, 3), (5, 4), (10, 19), (17, 19)]
(0, 2)*(-0.8961709895405197, -0.19617771231119094)*[(0, 2), (12, 14), (24, 12), (13, 3), (5, 4), (10, 19), (17, 19)]
(0, 2)*(-0.912090954050309, 0.18389838159065658)*[(0, 2), (12, 14), (24, 12), (13, 3), (5, 4), (10, 19), (17, 19)]
(0, 2)*(0.6606740381941099, 0.21408784322916508)*[(0, 2), (12, 14), (24, 12), (13, 3), (5, 4), (10, 19), (17, 19)]
(0, 2)*(0.872876245765118, -0.19115855508399515)*[(0, 2), (12, 14), (24, 12), (13, 3), (5, 4), (10, 19), (17, 19)]
(0, 2)*(-0.8990431521252658, -0.052726546483619685)*[(0, 2), (12, 14), (24, 12), (13, 3), (5, 4), (10, 19), (17, 19)]
(0, 2)*(0.1314336741281783, 0.8736345486503048)*[(0, 2), (12, 14), (24, 12), (13, 3), (5, 4), (10, 19), (17, 19)]
(0, 2)*(0.30757014507581126, 0.2354626869036872)*[(0, 2), (12, 14), (24, 12), (13, 3), (5, 4), (10, 19), (17, 19)]
(0, 2)*(-0.3742136997989154, 0.2782816689046501)*[(0, 2), (12, 14), (24, 12), (13, 3), (5, 4), (10, 19), (17, 19)]
(0, 2)*(0.6449736875319307, 0.15467282745810695)*[(0, 2), (12, 14), (24, 12), (13, 3), (5, 4), (10, 19), (17, 19)]
(0, 2)*(-0.7253911155622113, 0.13070233718481272)*[(0, 2), (12, 14), (24, 12), (13, 3), (5, 4), (10, 19), (17, 19)]
(0, 2)*(-0.8786508226431318, 0.017778109257836128)*[(0, 2), (12, 14), (24, 12), (13, 3), (5, 4), (10, 19), (17, 19)]
(0, 2)*(-0.28494445002097657, 0.918357845909389)*[(0, 2), (12, 14), (24, 12), (13, 3), (5, 4), (10, 19), (17, 19)]
(0, 2)*(0.5098011730176302, -0.2356333101138397)*[(0, 2), (12, 14), (24, 12), (13, 3), (5, 4), (10, 19), (17, 19)]
(0, 2)*(-0.4726638017292666, 0.6306224522369641)*[(0, 2), (12, 14), (24, 12), (13, 3), (5, 4), (10, 19), (17, 19)]
(0, 2)*(-0.0809229059275236, -0.5307154248246337)*[(0, 2), (12, 14), (24, 12), (13, 3), (5, 4), (10, 19), (17, 19)]
(0, 2)*(0.2242833191403213, 0.717236653333198)*[(0, 2), (12, 14), (24, 12), (13, 3), (5, 4), (10, 19), (17, 19)]
(0, 2)*(0.4968267249853002, 0.2539390499373885)*[(0, 2), (12, 14), (24, 12), (13, 3), (5, 4), (10, 19), (17, 19)]
(0, 2)*(0.10731950955185332, 0.5114511691236953)*[(0, 2), (12, 14), (24, 12), (13, 3), (5, 4), (10, 19), (17, 19)]
(0, 2)*(-0.808409935042957, 0.10556599326094263)*[(0, 2), (12, 14), (24, 12), (13, 3), (5, 4), (10, 19), (17, 19)]
(0, 2)*(-0.5654216224340987, -0.006279167165065491)*[(0, 2), (12, 14), (24, 12), (13, 3), (5, 4), (10, 19), (17, 19)]
(0, 2)*(-0.8451770039912729, -0.2728281661103337)*[(0, 2), (12, 14), (24, 12), (13, 3), (5, 4), (10, 19), (17, 19)]
(0, 2)*(-0.026124301972800357, -0.962766588206594)*[(0, 2), (12, 14), (24, 12), (13, 3), (5, 4), (10, 19), (17, 19)]
(0, 2)*(-0.37581587801994387, 0.9045564368122093)*[(0, 2), (12, 14), (24, 12), (13, 3), (5, 4), (10, 19), (17, 19)]
(0, 2)*(0.1028834596738224, -0.4363569225044791)*[(0, 2), (12, 14), (24, 12), (13, 3), (5, 4), (10, 19), (17, 19)]
(0, 2)*(-0.883384702709612, -0.4235780686497888)*[(0, 2), (12, 14), (24, 12), (13, 3), (5, 4), (10, 19), (17, 19)]
(0, 2)*(0.012532098476454756, -0.147450187905647)*[(0, 2), (12, 14), (24, 12), (13, 3), (5, 4), (10, 19), (17, 19)]
(0, 2)*(-0.48016337163995493, 0.5400855493974851)*[(0, 2), (12, 14), (24, 12), (13, 3), (5, 4), (10, 19), (17, 19)]
(0, 2)*(-0.8716969926967693, 0.28445438420971386)*[(0, 2), (12, 14), (24, 12), (13, 3), (5, 4), (10, 19), (17, 19)]
(0, 2)*(-0.34938934028883883, 0.5840332653845886)*[(0, 2), (12, 14), (24, 12), (13, 3), (5, 4), (10, 19), (17, 19)]
(0, 2)*(-0.7436811145097291, 0.4657879086780975)*[(0, 2), (12, 14), (24, 12), (13, 3), (5, 4), (10, 19), (17, 19)]
(0, 2)*(-0.03884072738642064, 0.022569020489480063)*[(0, 2), (12, 14), (24, 12), (13, 3), (5, 4), (10, 19), (17, 19)]
(0, 2)*(0.1875330371393913, 0.11123805541118514)*[(0, 2), (12, 14), (24, 12), (13, 3), (5, 4), (10, 19), (17, 19)]
(0, 2)*(0.10809443350598524, -0.9123080694357297)*[(0, 2), (12, 14), (24, 12), (13, 3), (5, 4), (10, 19), (17, 19)]
(0, 2)*(0.3141222822163967, -0.7444078806779758)*[(0, 2), (12, 14), (24, 12), (13, 3), (5, 4), (10, 19), (17, 19)]
(0, 2)*(-0.6258096675341673, 0.018514953845304438)*[(0, 2), (12, 14), (24, 12), (13, 3), (5, 4), (10, 19), (17, 19)]
(0, 2)*(-0.8796194627788707, -0.1173429414079179)*[(0, 2), (12, 14), (24, 12), (13, 3), (5, 4), (10, 19), (17, 19)]
(0, 2)*(-0.42454271043392655, 0.2879792499742936)*[(0, 2), (12, 14), (24, 12), (13, 3), (5, 4), (10, 19), (17, 19)]
(0, 2)*(0.5526192732571182, 0.20467400474196074)*[(0, 2), (12, 14), (24, 12), (13, 3), (5, 4), (10, 19), (17, 19)]
(0, 2)*(-0.9986821747244452, -0.04738240846176243)*[(0, 2), (12, 14), (24, 12), (13, 3), (5, 4), (10, 19), (17, 19)]
(0, 2)*(0.4945708150252994, -0.18705492470370888)*[(0, 2), (12, 14), (24, 12), (13, 3), (5, 4), (10, 19), (17, 19)]
(0, 2)*(-0.4998991521112668, 0.4335073025948655)*[(0, 2), (12, 14), (24, 12), (13, 3), (5, 4), (10, 19), (17, 19)]
(0, 2)*(-0.32099853731981454, -0.9282072659192891)*[(0, 2), (12, 14), (24, 12), (13, 3), (5, 4), (10, 19), (17, 19)]
(0, 2)*(0.33976755891403676, 0.13094214161948825)*[(0, 2), (12, 14), (24, 12), (13, 3), (5, 4), (10, 19), (17, 19)]
(0, 2)*(0.32358222561278494, -0.31552495218615184)*[(0, 2), (12, 14), (24, 12), (13, 3), (5, 4), (10, 19), (17, 19)]
(0, 2)*(0.014071305506038412, 0.5211204122661055)*[(0, 2), (12, 14), (24, 12), (13, 3), (5, 4), (10, 19), (17, 19)]
(0, 2)*(0.3290944690629407, 0.1056221290552265)*[(0, 2), (12, 14), (24, 12), (13, 3), (5, 4), (10, 19), (17, 19)]
(0, 2)*(0.5338542037661982, 0.7813388836035745)*[(0, 2), (12, 14), (24, 12), (13, 3), (5, 4), (10, 19), (17, 19)]
(0, 2)*(-0.12346463285853337, -0.15670204290839207)*[(0, 2), (12, 14), (24, 12), (13, 3), (5, 4), (10, 19), (17, 19)]
(0, 2)*(0.1515848733922971, -0.35603107305171866)*[(0, 2), (12, 14), (24, 12), (13, 3), (5, 4), (10, 19), (17, 19)]
(0, 2)*(0.3849658866845931, 0.10450347275514815)*[(0, 2), (12, 14), (24, 12), (13, 3), (5, 4), (10, 19), (17, 19)]
(0, 2)*(-0.08787174566552869, -0.3191805716026741)*[(0, 2), (12, 14), (24, 12), (13, 3), (5, 4), (10, 19), (17, 19)]
(0, 2)*(0.6147997724143146, 0.44291249308071856)*[(0, 2), (12, 14), (24, 12), (13, 3), (5, 4), (10, 19), (17, 19)]
(0, 2)*(-0.7939757633763429, 0.3248877856668334)*[(0, 2), (12, 14), (24, 12), (13, 3), (5, 4), (10, 19), (17, 19)]
(0, 2)*(0.49989175824483256, 0.2821522320537536)*[(0, 2), (12, 14), (24, 12), (13, 3), (5, 4), (10, 19), (17, 19)]
(0, 2)*(-0.4007756590252334, 0.1979762330842798)*[(0, 2), (12, 14), (24, 12), (13, 3), (5, 4), (10, 19), (17, 19)]
(0, 2)*(-0.27519301641618976, -0.40399366060907693)*[(0, 2), (12, 14), (24, 12), (13, 3), (5, 4), (10, 19), (17, 19)]
(12, 14)*(1.7996224642717369, 5.095635518207751)*[(0, 2), (12, 14), (24, 12), (13, 3), (5, 4), (10, 19), (17, 19)]
(12, 14)*(3.228192940276291, 3.6565398550928387)*[(0, 2), (12, 14), (24, 12), (13, 3), (5, 4), (10, 19), (17, 19)]
(12, 14)*(1.8658369152204983, 5.31170138063578)*[(0, 2), (12, 14), (24, 12), (13, 3), (5, 4), (10, 19), (17, 19)]
(12, 14)*(2.6414301454958364, 5.851680313702911)*[(0, 2), (12, 14), (24, 12), (13, 3), (5, 4), (10, 19), (17, 19)]
(12, 14)*(1.6272627394926547, 4.717559991138013)*[(0, 2), (12, 14), (24, 12), (13, 3), (5, 4), (10, 19), (17, 19)]
(12, 14)*(3.9265598742962227, 5.8618285763715345)*[(0, 2), (12, 14), (24, 12), (13, 3), (5, 4), (10, 19), (17, 19)]
(12, 14)*(1.9556134478580218, 4.27358413855615)*[(0, 2), (12, 14), (24, 12), (13, 3), (5, 4), (10, 19), (17, 19)]
(12, 14)*(1.9385885132898322, 6.346998455478435)*[(0, 2), (12, 14), (24, 12), (13, 3), (5, 4), (10, 19), (17, 19)]
(12, 14)*(3.0251354454658035, 6.757570189289569)*[(0, 2), (12, 14), (24, 12), (13, 3), (5, 4), (10, 19), (17, 19)]
(12, 14)*(3.3375152099958245, 5.553884255787928)*[(0, 2), (12, 14), (24, 12), (13, 3), (5, 4), (10, 19), (17, 19)]
(12, 14)*(4.672709678547509, 4.438466592347132)*[(0, 2), (12, 14), (24, 12), (13, 3), (5, 4), (10, 19), (17, 19)]
(12, 14)*(2.6104447544861236, 5.578020277338913)*[(0, 2), (12, 14), (24, 12), (13, 3), (5, 4), (10, 19), (17, 19)]
(12, 14)*(4.286006612617214, 4.80305157340333)*[(0, 2), (12, 14), (24, 12), (13, 3), (5, 4), (10, 19), (17, 19)]
(12, 14)*(1.6639419223454346, 4.500382280689363)*[(0, 2), (12, 14), (24, 12), (13, 3), (5, 4), (10, 19), (17, 19)]
(12, 14)*(4.271829299674488, 5.988649143649896)*[(0, 2), (12, 14), (24, 12), (13, 3), (5, 4), (10, 19), (17, 19)]
(12, 14)*(4.605523972323361, 4.460276502341161)*[(0, 2), (12, 14), (24, 12), (13, 3), (5, 4), (10, 19), (17, 19)]
(12, 14)*(1.324735170950183, 5.756244260804351)*[(0, 2), (12, 14), (24, 12), (13, 3), (5, 4), (10, 19), (17, 19)]
(12, 14)*(2.567801744243086, 4.660936626468458)*[(0, 2), (12, 14), (24, 12), (13, 3), (5, 4), (10, 19), (17, 19)]
(12, 14)*(2.323799913990868, 5.271566475239723)*[(0, 2), (12, 14), (24, 12), (13, 3), (5, 4), (10, 19), (17, 19)]
(12, 14)*(2.4697933770140295, 4.7917541693912975)*[(0, 2), (12, 14), (24, 12), (13, 3), (5, 4), (10, 19), (17, 19)]
(12, 14)*(1.8890780557977345, 4.748856453736055)*[(0, 2), (12, 14), (24, 12), (13, 3), (5, 4), (10, 19), (17, 19)]
(12, 14)*(2.371246788932246, 6.3837226539282215)*[(0, 2), (12, 14), (24, 12), (13, 3), (5, 4), (10, 19), (17, 19)]
(12, 14)*(2.341115770092514, 6.11135167472746)*[(0, 2), (12, 14), (24, 12), (13, 3), (5, 4), (10, 19), (17, 19)]
(12, 14)*(1.8693072420328596, 6.074141167125264)*[(0, 2), (12, 14), (24, 12), (13, 3), (5, 4), (10, 19), (17, 19)]
(12, 14)*(2.897211050733421, 4.5173689254729705)*[(0, 2), (12, 14), (24, 12), (13, 3), (5, 4), (10, 19), (17, 19)]
(12, 14)*(4.4303123151598225, 4.139087623828772)*[(0, 2), (12, 14), (24, 12), (13, 3), (5, 4), (10, 19), (17, 19)]
(12, 14)*(4.248818234933186, 5.200793385349204)*[(0, 2), (12, 14), (24, 12), (13, 3), (5, 4), (10, 19), (17, 19)]
(12, 14)*(3.287634092286491, 5.384810390778085)*[(0, 2), (12, 14), (24, 12), (13, 3), (5, 4), (10, 19), (17, 19)]
(12, 14)*(3.794231506683785, 5.582339557805162)*[(0, 2), (12, 14), (24, 12), (13, 3), (5, 4), (10, 19), (17, 19)]
(12, 14)*(1.0791541311367405, 5.076364748644463)*[(0, 2), (12, 14), (24, 12), (13, 3), (5, 4), (10, 19), (17, 19)]
(12, 14)*(3.145224628861658, 4.044789984803403)*[(0, 2), (12, 14), (24, 12), (13, 3), (5, 4), (10, 19), (17, 19)]
(12, 14)*(3.7694077060980717, 3.997252326098462)*[(0, 2), (12, 14), (24, 12), (13, 3), (5, 4), (10, 19), (17, 19)]
(12, 14)*(1.9190501642047857, 5.946668480731812)*[(0, 2), (12, 14), (24, 12), (13, 3), (5, 4), (10, 19), (17, 19)]
(12, 14)*(3.8558050642761286, 6.764897222416977)*[(0, 2), (12, 14), (24, 12), (13, 3), (5, 4), (10, 19), (17, 19)]
(12, 14)*(4.575514025014575, 5.4561596664069985)*[(0, 2), (12, 14), (24, 12), (13, 3), (5, 4), (10, 19), (17, 19)]
(12, 14)*(3.0166553389819333, 3.042864418438075)*[(0, 2), (12, 14), (24, 12), (13, 3), (5, 4), (10, 19), (17, 19)]
(12, 14)*(2.026747447579519, 3.8520606802387207)*[(0, 2), (12, 14), (24, 12), (13, 3), (5, 4), (10, 19), (17, 19)]
(12, 14)*(1.3571332236331344, 5.957615804239644)*[(0, 2), (12, 14), (24, 12), (13, 3), (5, 4), (10, 19), (17, 19)]
(12, 14)*(1.0543898157937148, 4.848277472559884)*[(0, 2), (12, 14), (24, 12), (13, 3), (5, 4), (10, 19), (17, 19)]
(12, 14)*(2.3032333021564866, 4.530507124848802)*[(0, 2), (12, 14), (24, 12), (13, 3), (5, 4), (10, 19), (17, 19)]
(12, 14)*(2.9216267954450474, 6.846415405416382)*[(0, 2), (12, 14), (24, 12), (13, 3), (5, 4), (10, 19), (17, 19)]
(12, 14)*(2.064756515546348, 5.822083509922038)*[(0, 2), (12, 14), (24, 12), (13, 3), (5, 4), (10, 19), (17, 19)]
(12, 14)*(1.809604315310906, 6.521419756259975)*[(0, 2), (12, 14), (24, 12), (13, 3), (5, 4), (10, 19), (17, 19)]
(12, 14)*(1.8108937436156767, 5.564100924142112)*[(0, 2), (12, 14), (24, 12), (13, 3), (5, 4), (10, 19), (17, 19)]
(12, 14)*(1.9861269110705448, 4.196945050039552)*[(0, 2), (12, 14), (24, 12), (13, 3), (5, 4), (10, 19), (17, 19)]
(12, 14)*(2.5788553134851213, 6.154574451848706)*[(0, 2), (12, 14), (24, 12), (13, 3), (5, 4), (10, 19), (17, 19)]
(12, 14)*(4.034640413879487, 5.698770748243663)*[(0, 2), (12, 14), (24, 12), (13, 3), (5, 4), (10, 19), (17, 19)]
(12, 14)*(1.6531038545130246, 5.69324044746408)*[(0, 2), (12, 14), (24, 12), (13, 3), (5, 4), (10, 19), (17, 19)]
(12, 14)*(4.487987946692893, 4.376110290548975)*[(0, 2), (12, 14), (24, 12), (13, 3), (5, 4), (10, 19), (17, 19)]
(12, 14)*(4.748054486299151, 5.5664624449269935)*[(0, 2), (12, 14), (24, 12), (13, 3), (5, 4), (10, 19), (17, 19)]
(12, 14)*(3.962320580020335, 5.298020102710048)*[(0, 2), (12, 14), (24, 12), (13, 3), (5, 4), (10, 19), (17, 19)]
(12, 14)*(3.3448609930836177, 4.911886899741724)*[(0, 2), (12, 14), (24, 12), (13, 3), (5, 4), (10, 19), (17, 19)]
(12, 14)*(1.7194111287847007, 3.5599668141328262)*[(0, 2), (12, 14), (24, 12), (13, 3), (5, 4), (10, 19), (17, 19)]
(12, 14)*(1.0903615180704547, 4.884175838847173)*[(0, 2), (12, 14), (24, 12), (13, 3), (5, 4), (10, 19), (17, 19)]
(12, 14)*(3.8007011324744124, 6.065063833103366)*[(0, 2), (12, 14), (24, 12), (13, 3), (5, 4), (10, 19), (17, 19)]
(12, 14)*(2.564314680928863, 5.989816219114948)*[(0, 2), (12, 14), (24, 12), (13, 3), (5, 4), (10, 19), (17, 19)]
(12, 14)*(1.2561813265654354, 4.459167971703611)*[(0, 2), (12, 14), (24, 12), (13, 3), (5, 4), (10, 19), (17, 19)]
(12, 14)*(3.968799408694492, 6.552101604557141)*[(0, 2), (12, 14), (24, 12), (13, 3), (5, 4), (10, 19), (17, 19)]
(12, 14)*(2.358561565693952, 3.4701340531151614)*[(0, 2), (12, 14), (24, 12), (13, 3), (5, 4), (10, 19), (17, 19)]
(12, 14)*(4.679320321160549, 6.029541429855033)*[(0, 2), (12, 14), (24, 12), (13, 3), (5, 4), (10, 19), (17, 19)]
(12, 14)*(4.6075931837145845, 4.285244706667305)*[(0, 2), (12, 14), (24, 12), (13, 3), (5, 4), (10, 19), (17, 19)]
(12, 14)*(4.827398315723327, 5.109618049179432)*[(0, 2), (12, 14), (24, 12), (13, 3), (5, 4), (10, 19), (17, 19)]
(12, 14)*(1.439264615776501, 6.216553344651164)*[(0, 2), (12, 14), (24, 12), (13, 3), (5, 4), (10, 19), (17, 19)]
(12, 14)*(2.1109444426583197, 6.707288933342523)*[(0, 2), (12, 14), (24, 12), (13, 3), (5, 4), (10, 19), (17, 19)]
(12, 14)*(4.9051926792610825, 5.495084603871674)*[(0, 2), (12, 14), (24, 12), (13, 3), (5, 4), (10, 19), (17, 19)]
(12, 14)*(2.992137454984819, 3.39692481706677)*[(0, 2), (12, 14), (24, 12), (13, 3), (5, 4), (10, 19), (17, 19)]
(12, 14)*(4.70982583246296, 4.100727245489706)*[(0, 2), (12, 14), (24, 12), (13, 3), (5, 4), (10, 19), (17, 19)]
(12, 14)*(1.4420538001930399, 4.70364361256541)*[(0, 2), (12, 14), (24, 12), (13, 3), (5, 4), (10, 19), (17, 19)]
(12, 14)*(3.0399807666031884, 6.070512591637868)*[(0, 2), (12, 14), (24, 12), (13, 3), (5, 4), (10, 19), (17, 19)]
(12, 14)*(1.2490409048080573, 5.303933210712953)*[(0, 2), (12, 14), (24, 12), (13, 3), (5, 4), (10, 19), (17, 19)]
(12, 14)*(3.2985389825932945, 4.911812808491168)*[(0, 2), (12, 14), (24, 12), (13, 3), (5, 4), (10, 19), (17, 19)]
(12, 14)*(4.566454832620346, 4.991258267263225)*[(0, 2), (12, 14), (24, 12), (13, 3), (5, 4), (10, 19), (17, 19)]
(12, 14)*(3.71722329658672, 3.3376939685284914)*[(0, 2), (12, 14), (24, 12), (13, 3), (5, 4), (10, 19), (17, 19)]
(12, 14)*(1.1704564037879677, 4.361293531093659)*[(0, 2), (12, 14), (24, 12), (13, 3), (5, 4), (10, 19), (17, 19)]
(12, 14)*(1.0577534097321029, 5.084223206076773)*[(0, 2), (12, 14), (24, 12), (13, 3), (5, 4), (10, 19), (17, 19)]
(12, 14)*(3.48094979715132, 4.096973609518775)*[(0, 2), (12, 14), (24, 12), (13, 3), (5, 4), (10, 19), (17, 19)]
(12, 14)*(4.553241850049963, 4.10180671428769)*[(0, 2), (12, 14), (24, 12), (13, 3), (5, 4), (10, 19), (17, 19)]
(12, 14)*(1.6460722543401944, 3.7887711944804052)*[(0, 2), (12, 14), (24, 12), (13, 3), (5, 4), (10, 19), (17, 19)]
(12, 14)*(2.895186059333308, 3.322415365482059)*[(0, 2), (12, 14), (24, 12), (13, 3), (5, 4), (10, 19), (17, 19)]
(12, 14)*(4.326989075001629, 5.095528306074361)*[(0, 2), (12, 14), (24, 12), (13, 3), (5, 4), (10, 19), (17, 19)]
(12, 14)*(1.1725024185629622, 4.988254547678717)*[(0, 2), (12, 14), (24, 12), (13, 3), (5, 4), (10, 19), (17, 19)]
(12, 14)*(4.699148944790696, 5.163408239392571)*[(0, 2), (12, 14), (24, 12), (13, 3), (5, 4), (10, 19), (17, 19)]
(12, 14)*(1.3821845840369855, 4.691992490413657)*[(0, 2), (12, 14), (24, 12), (13, 3), (5, 4), (10, 19), (17, 19)]
(12, 14)*(1.1305885553499757, 4.327433518978818)*[(0, 2), (12, 14), (24, 12), (13, 3), (5, 4), (10, 19), (17, 19)]
(12, 14)*(1.9994569052203004, 6.19228712936961)*[(0, 2), (12, 14), (24, 12), (13, 3), (5, 4), (10, 19), (17, 19)]
(12, 14)*(2.925794484407958, 5.5291586339132675)*[(0, 2), (12, 14), (24, 12), (13, 3), (5, 4), (10, 19), (17, 19)]
(12, 14)*(2.9597705527629694, 6.838049013048054)*[(0, 2), (12, 14), (24, 12), (13, 3), (5, 4), (10, 19), (17, 19)]
(12, 14)*(4.067860281993403, 6.229334963826334)*[(0, 2), (12, 14), (24, 12), (13, 3), (5, 4), (10, 19), (17, 19)]
(12, 14)*(2.0929505129667483, 4.512266375341684)*[(0, 2), (12, 14), (24, 12), (13, 3), (5, 4), (10, 19), (17, 19)]
(12, 14)*(1.9795329876138772, 6.588528489529551)*[(0, 2), (12, 14), (24, 12), (13, 3), (5, 4), (10, 19), (17, 19)]
(12, 14)*(4.101666067309445, 4.41571063678831)*[(0, 2), (12, 14), (24, 12), (13, 3), (5, 4), (10, 19), (17, 19)]
(12, 14)*(4.725418093210763, 5.65839106176735)*[(0, 2), (12, 14), (24, 12), (13, 3), (5, 4), (10, 19), (17, 19)]
(12, 14)*(3.2722945434129596, 4.813226270018922)*[(0, 2), (12, 14), (24, 12), (13, 3), (5, 4), (10, 19), (17, 19)]
(12, 14)*(1.3228751078856038, 5.3401447924090775)*[(0, 2), (12, 14), (24, 12), (13, 3), (5, 4), (10, 19), (17, 19)]
(12, 14)*(1.1583944268045028, 5.236559174359815)*[(0, 2), (12, 14), (24, 12), (13, 3), (5, 4), (10, 19), (17, 19)]
(12, 14)*(3.3740652761308354, 4.923837367933595)*[(0, 2), (12, 14), (24, 12), (13, 3), (5, 4), (10, 19), (17, 19)]
(12, 14)*(1.0050708512520266, 5.084772028850995)*[(0, 2), (12, 14), (24, 12), (13, 3), (5, 4), (10, 19), (17, 19)]
(12, 14)*(2.729440899644632, 5.085157799823497)*[(0, 2), (12, 14), (24, 12), (13, 3), (5, 4), (10, 19), (17, 19)]
(12, 14)*(3.6922884271033616, 5.340623160941972)*[(0, 2), (12, 14), (24, 12), (13, 3), (5, 4), (10, 19), (17, 19)]
(12, 14)*(2.8838957161803394, 6.5036058586717775)*[(0, 2), (12, 14), (24, 12), (13, 3), (5, 4), (10, 19), (17, 19)]
(24, 12)*(7.606133174184392, 20.702498432045335)*[(0, 2), (12, 14), (24, 12), (13, 3), (5, 4), (10, 19), (17, 19)]
(24, 12)*(6.821248274848552, 19.34495590408353)*[(0, 2), (12, 14), (24, 12), (13, 3), (5, 4), (10, 19), (17, 19)]
(24, 12)*(7.834537752458727, 19.449974908763842)*[(0, 2), (12, 14), (24, 12), (13, 3), (5, 4), (10, 19), (17, 19)]
(24, 12)*(7.927519931128206, 19.479897333135597)*[(0, 2), (12, 14), (24, 12), (13, 3), (5, 4), (10, 19), (17, 19)]
(24, 12)*(6.342936306922908, 20.951566341706904)*[(0, 2), (12, 14), (24, 12), (13, 3), (5, 4), (10, 19), (17, 19)]
(24, 12)*(7.9922014522393, 19.857226117754653)*[(0, 2), (12, 14), (24, 12), (13, 3), (5, 4), (10, 19), (17, 19)]
(24, 12)*(5.954698934601426, 20.48967733883096)*[(0, 2), (12, 14), (24, 12), (13, 3), (5, 4), (10, 19), (17, 19)]
(24, 12)*(4.341193847186014, 20.76582334116136)*[(0, 2), (12, 14), (24, 12), (13, 3), (5, 4), (10, 19), (17, 19)]
(24, 12)*(7.407431681091634, 19.209205918147084)*[(0, 2), (12, 14), (24, 12), (13, 3), (5, 4), (10, 19), (17, 19)]
(24, 12)*(5.0403166692542225, 22.309768327820514)*[(0, 2), (12, 14), (24, 12), (13, 3), (5, 4), (10, 19), (17, 19)]
(24, 12)*(6.456460146266016, 19.28223486599422)*[(0, 2), (12, 14), (24, 12), (13, 3), (5, 4), (10, 19), (17, 19)]
(24, 12)*(3.0752402242342383, 20.933170170221924)*[(0, 2), (12, 14), (24, 12), (13, 3), (5, 4), (10, 19), (17, 19)]
(24, 12)*(4.262906314181398, 19.069560633234254)*[(0, 2), (12, 14), (24, 12), (13, 3), (5, 4), (10, 19), (17, 19)]
(24, 12)*(4.741523359266904, 21.005993062117348)*[(0, 2), (12, 14), (24, 12), (13, 3), (5, 4), (10, 19), (17, 19)]
(24, 12)*(4.31813178126141, 18.071975584576915)*[(0, 2), (12, 14), (24, 12), (13, 3), (5, 4), (10, 19), (17, 19)]
(24, 12)*(4.622446477403708, 18.176835093773505)*[(0, 2), (12, 14), (24, 12), (13, 3), (5, 4), (10, 19), (17, 19)]
(24, 12)*(6.2423394482855725, 22.273060063012473)*[(0, 2), (12, 14), (24, 12), (13, 3), (5, 4), (10, 19), (17, 19)]
(24, 12)*(7.821327596536705, 19.704598853591516)*[(0, 2), (12, 14), (24, 12), (13, 3), (5, 4), (10, 19), (17, 19)]
(24, 12)*(3.9061626830207796, 21.003602837855453)*[(0, 2), (12, 14), (24, 12), (13, 3), (5, 4), (10, 19), (17, 19)]
(24, 12)*(3.424005618916829, 21.93802411306421)*[(0, 2), (12, 14), (24, 12), (13, 3), (5, 4), (10, 19), (17, 19)]
(24, 12)*(7.664933639719757, 18.77029891447758)*[(0, 2), (12, 14), (24, 12), (13, 3), (5, 4), (10, 19), (17, 19)]
(24, 12)*(4.370665241154147, 22.525319318672587)*[(0, 2), (12, 14), (24, 12), (13, 3), (5, 4), (10, 19), (17, 19)]
(24, 12)*(7.923328976396486, 19.361141429811322)*[(0, 2), (12, 14), (24, 12), (13, 3), (5, 4), (10, 19), (17, 19)]
(24, 12)*(6.219242249863003, 17.956497888996036)*[(0, 2), (12, 14), (24, 12), (13, 3), (5, 4), (10, 19), (17, 19)]
(24, 12)*(7.203947869976785, 19.070570839074293)*[(0, 2), (12, 14), (24, 12), (13, 3), (5, 4), (10, 19), (17, 19)]
(24, 12)*(6.210917016398471, 20.87142111671816)*[(0, 2), (12, 14), (24, 12), (13, 3), (5, 4), (10, 19), (17, 19)]
(24, 12)*(6.38695135523971, 19.19045698145883)*[(0, 2), (12, 14), (24, 12), (13, 3), (5, 4), (10, 19), (17, 19)]
(24, 12)*(2.9330526906690237, 21.32284354769253)*[(0, 2), (12, 14), (24, 12), (13, 3), (5, 4), (10, 19), (17, 19)]
(24, 12)*(3.112856131766191, 18.893096103461477)*[(0, 2), (12, 14), (24, 12), (13, 3), (5, 4), (10, 19), (17, 19)]
(24, 12)*(3.231459070994294, 20.369856915643513)*[(0, 2), (12, 14), (24, 12), (13, 3), (5, 4), (10, 19), (17, 19)]
(24, 12)*(5.47179819114708, 20.293480914649756)*[(0, 2), (12, 14), (24, 12), (13, 3), (5, 4), (10, 19), (17, 19)]
(24, 12)*(4.575402413001534, 18.90102708608364)*[(0, 2), (12, 14), (24, 12), (13, 3), (5, 4), (10, 19), (17, 19)]
(24, 12)*(5.264959096287032, 20.449866715867657)*[(0, 2), (12, 14), (24, 12), (13, 3), (5, 4), (10, 19), (17, 19)]
(24, 12)*(7.526241592916395, 21.401882510524988)*[(0, 2), (12, 14), (24, 12), (13, 3), (5, 4), (10, 19), (17, 19)]
(24, 12)*(4.216981443748271, 21.037165129517664)*[(0, 2), (12, 14), (24, 12), (13, 3), (5, 4), (10, 19), (17, 19)]
(24, 12)*(4.801523816613477, 22.783734086310833)*[(0, 2), (12, 14), (24, 12), (13, 3), (5, 4), (10, 19), (17, 19)]
(24, 12)*(4.940014801490128, 18.975707049364722)*[(0, 2), (12, 14), (24, 12), (13, 3), (5, 4), (10, 19), (17, 19)]
(24, 12)*(4.129630088562747, 20.720695118564496)*[(0, 2), (12, 14), (24, 12), (13, 3), (5, 4), (10, 19), (17, 19)]
(24, 12)*(6.019166052400294, 19.804502552526568)*[(0, 2), (12, 14), (24, 12), (13, 3), (5, 4), (10, 19), (17, 19)]
(24, 12)*(5.03509568167804, 22.393599971282008)*[(0, 2), (12, 14), (24, 12), (13, 3), (5, 4), (10, 19), (17, 19)]
(24, 12)*(7.101857751426628, 21.443482121271117)*[(0, 2), (12, 14), (24, 12), (13, 3), (5, 4), (10, 19), (17, 19)]
(24, 12)*(2.9497610603094504, 21.792167321729174)*[(0, 2), (12, 14), (24, 12), (13, 3), (5, 4), (10, 19), (17, 19)]
(24, 12)*(7.124774794403863, 19.708353153482324)*[(0, 2), (12, 14), (24, 12), (13, 3), (5, 4), (10, 19), (17, 19)]
(24, 12)*(3.8532345028690314, 18.266546666067995)*[(0, 2), (12, 14), (24, 12), (13, 3), (5, 4), (10, 19), (17, 19)]
(24, 12)*(6.843516654511504, 19.609243988671157)*[(0, 2), (12, 14), (24, 12), (13, 3), (5, 4), (10, 19), (17, 19)]
(24, 12)*(6.472481407473397, 21.681608736510192)*[(0, 2), (12, 14), (24, 12), (13, 3), (5, 4), (10, 19), (17, 19)]
(24, 12)*(5.854415367077713, 17.512020143923685)*[(0, 2), (12, 14), (24, 12), (13, 3), (5, 4), (10, 19), (17, 19)]
(24, 12)*(7.843129081419018, 20.83362889161082)*[(0, 2), (12, 14), (24, 12), (13, 3), (5, 4), (10, 19), (17, 19)]
(24, 12)*(6.697622006790368, 18.238499304714384)*[(0, 2), (12, 14), (24, 12), (13, 3), (5, 4), (10, 19), (17, 19)]
(24, 12)*(5.090700068853897, 22.09540231983683)*[(0, 2), (12, 14), (24, 12), (13, 3), (5, 4), (10, 19), (17, 19)]
(24, 12)*(3.116007724361506, 21.479348607815787)*[(0, 2), (12, 14), (24, 12), (13, 3), (5, 4), (10, 19), (17, 19)]
(24, 12)*(6.671539546642847, 20.211323247136264)*[(0, 2), (12, 14), (24, 12), (13, 3), (5, 4), (10, 19), (17, 19)]
(24, 12)*(3.695011479854496, 19.075549928427684)*[(0, 2), (12, 14), (24, 12), (13, 3), (5, 4), (10, 19), (17, 19)]
(24, 12)*(5.014383320803555, 21.670903483091443)*[(0, 2), (12, 14), (24, 12), (13, 3), (5, 4), (10, 19), (17, 19)]
(24, 12)*(7.180282524395748, 19.566369205490687)*[(0, 2), (12, 14), (24, 12), (13, 3), (5, 4), (10, 19), (17, 19)]
(24, 12)*(6.165545145412135, 22.48809936883894)*[(0, 2), (12, 14), (24, 12), (13, 3), (5, 4), (10, 19), (17, 19)]
(24, 12)*(2.0853747912042007, 20.709033740115213)*[(0, 2), (12, 14), (24, 12), (13, 3), (5, 4), (10, 19), (17, 19)]
(24, 12)*(7.700548506483587, 19.162497392896995)*[(0, 2), (12, 14), (24, 12), (13, 3), (5, 4), (10, 19), (17, 19)]
(24, 12)*(3.3408164689883035, 19.97386827382107)*[(0, 2), (12, 14), (24, 12), (13, 3), (5, 4), (10, 19), (17, 19)]
(24, 12)*(5.665443957089453, 20.976204798293242)*[(0, 2), (12, 14), (24, 12), (13, 3), (5, 4), (10, 19), (17, 19)]
(24, 12)*(7.005058515709077, 19.93742740515283)*[(0, 2), (12, 14), (24, 12), (13, 3), (5, 4), (10, 19), (17, 19)]
(24, 12)*(7.168299281931469, 18.548717674547227)*[(0, 2), (12, 14), (24, 12), (13, 3), (5, 4), (10, 19), (17, 19)]
(24, 12)*(5.651115731268228, 21.100253661153634)*[(0, 2), (12, 14), (24, 12), (13, 3), (5, 4), (10, 19), (17, 19)]
(24, 12)*(7.203793900808266, 19.926391370940788)*[(0, 2), (12, 14), (24, 12), (13, 3), (5, 4), (10, 19), (17, 19)]
(24, 12)*(2.7922838029146977, 20.688075520061638)*[(0, 2), (12, 14), (24, 12), (13, 3), (5, 4), (10, 19), (17, 19)]
(24, 12)*(4.383461892160034, 17.926942546184026)*[(0, 2), (12, 14), (24, 12), (13, 3), (5, 4), (10, 19), (17, 19)]
(24, 12)*(6.615997931342132, 18.975707239430562)*[(0, 2), (12, 14), (24, 12), (13, 3), (5, 4), (10, 19), (17, 19)]
(24, 12)*(7.99550787092977, 19.83785335033086)*[(0, 2), (12, 14), (24, 12), (13, 3), (5, 4), (10, 19), (17, 19)]
(24, 12)*(7.290989406838601, 19.295731186574663)*[(0, 2), (12, 14), (24, 12), (13, 3), (5, 4), (10, 19), (17, 19)]
(24, 12)*(4.733233543765587, 19.514241669484566)*[(0, 2), (12, 14), (24, 12), (13, 3), (5, 4), (10, 19), (17, 19)]
(24, 12)*(3.558901595412425, 22.19815142359907)*[(0, 2), (12, 14), (24, 12), (13, 3), (5, 4), (10, 19), (17, 19)]
(24, 12)*(6.025736154516928, 21.131067587814776)*[(0, 2), (12, 14), (24, 12), (13, 3), (5, 4), (10, 19), (17, 19)]
(24, 12)*(6.1109321432870995, 17.373815594849233)*[(0, 2), (12, 14), (24, 12), (13, 3), (5, 4), (10, 19), (17, 19)]
(24, 12)*(6.0610469756317755, 20.2896173599204)*[(0, 2), (12, 14), (24, 12), (13, 3), (5, 4), (10, 19), (17, 19)]
(24, 12)*(5.1795362389134905, 22.388866712022953)*[(0, 2), (12, 14), (24, 12), (13, 3), (5, 4), (10, 19), (17, 19)]
(24, 12)*(4.787517464680665, 18.018555506066228)*[(0, 2), (12, 14), (24, 12), (13, 3), (5, 4), (10, 19), (17, 19)]
(24, 12)*(6.172635555832102, 19.96514223439899)*[(0, 2), (12, 14), (24, 12), (13, 3), (5, 4), (10, 19), (17, 19)]
(24, 12)*(3.537320359372317, 18.799811077424113)*[(0, 2), (12, 14), (24, 12), (13, 3), (5, 4), (10, 19), (17, 19)]
(24, 12)*(3.496999789327309, 17.57869551371596)*[(0, 2), (12, 14), (24, 12), (13, 3), (5, 4), (10, 19), (17, 19)]
(24, 12)*(2.750604812918887, 21.38779837089294)*[(0, 2), (12, 14), (24, 12), (13, 3), (5, 4), (10, 19), (17, 19)]
(24, 12)*(4.244974473662154, 19.924495853052548)*[(0, 2), (12, 14), (24, 12), (13, 3), (5, 4), (10, 19), (17, 19)]
(24, 12)*(7.882676104487973, 19.79475608321339)*[(0, 2), (12, 14), (24, 12), (13, 3), (5, 4), (10, 19), (17, 19)]
(24, 12)*(4.992011818717268, 22.308054921614556)*[(0, 2), (12, 14), (24, 12), (13, 3), (5, 4), (10, 19), (17, 19)]
(24, 12)*(7.493883876462288, 18.52049890895756)*[(0, 2), (12, 14), (24, 12), (13, 3), (5, 4), (10, 19), (17, 19)]
(24, 12)*(7.739078451721736, 19.023717459691962)*[(0, 2), (12, 14), (24, 12), (13, 3), (5, 4), (10, 19), (17, 19)]
(24, 12)*(4.58097507869575, 20.216251146096766)*[(0, 2), (12, 14), (24, 12), (13, 3), (5, 4), (10, 19), (17, 19)]
(24, 12)*(5.4741917816636745, 19.724915443077588)*[(0, 2), (12, 14), (24, 12), (13, 3), (5, 4), (10, 19), (17, 19)]
(24, 12)*(5.966256223047072, 22.175900796451955)*[(0, 2), (12, 14), (24, 12), (13, 3), (5, 4), (10, 19), (17, 19)]
(24, 12)*(3.351982139424096, 19.269521261429183)*[(0, 2), (12, 14), (24, 12), (13, 3), (5, 4), (10, 19), (17, 19)]
(24, 12)*(3.476343147571928, 17.97125123018859)*[(0, 2), (12, 14), (24, 12), (13, 3), (5, 4), (10, 19), (17, 19)]
(24, 12)*(3.7557620937804757, 17.49936497596894)*[(0, 2), (12, 14), (24, 12), (13, 3), (5, 4), (10, 19), (17, 19)]
(24, 12)*(7.5966423577319775, 18.546175966455035)*[(0, 2), (12, 14), (24, 12), (13, 3), (5, 4), (10, 19), (17, 19)]
(24, 12)*(4.885346085101542, 18.13522602035682)*[(0, 2), (12, 14), (24, 12), (13, 3), (5, 4), (10, 19), (17, 19)]
(24, 12)*(2.394903035027479, 18.672717700237015)*[(0, 2), (12, 14), (24, 12), (13, 3), (5, 4), (10, 19), (17, 19)]
(24, 12)*(3.875063897895137, 17.500443515837105)*[(0, 2), (12, 14), (24, 12), (13, 3), (5, 4), (10, 19), (17, 19)]
(24, 12)*(4.688143710957217, 21.32515614459485)*[(0, 2), (12, 14), (24, 12), (13, 3), (5, 4), (10, 19), (17, 19)]
(24, 12)*(3.264606867185926, 19.856313635216853)*[(0, 2), (12, 14), (24, 12), (13, 3), (5, 4), (10, 19), (17, 19)]
(24, 12)*(7.336659005449672, 18.356782373907325)*[(0, 2), (12, 14), (24, 12), (13, 3), (5, 4), (10, 19), (17, 19)]
(24, 12)*(6.823075213190714, 18.700204198855733)*[(0, 2), (12, 14), (24, 12), (13, 3), (5, 4), (10, 19), (17, 19)]
(24, 12)*(6.664258762790126, 17.896592331893654)*[(0, 2), (12, 14), (24, 12), (13, 3), (5, 4), (10, 19), (17, 19)]
(13, 3)*(12.658260299138924, 2.385176237020843)*[(0, 2), (12, 14), (24, 12), (13, 3), (5, 4), (10, 19), (17, 19)]
(13, 3)*(10.68010315850252, 1.2967327079458775)*[(0, 2), (12, 14), (24, 12), (13, 3), (5, 4), (10, 19), (17, 19)]
(13, 3)*(8.315674954375925, 2.706114515495655)*[(0, 2), (12, 14), (24, 12), (13, 3), (5, 4), (10, 19), (17, 19)]
(13, 3)*(8.670192921307223, 3.9871240996660964)*[(0, 2), (12, 14), (24, 12), (13, 3), (5, 4), (10, 19), (17, 19)]
(13, 3)*(10.053570233086262, 0.7581111101567828)*[(0, 2), (12, 14), (24, 12), (13, 3), (5, 4), (10, 19), (17, 19)]
(13, 3)*(9.074606462010813, -0.34905731762686976)*[(0, 2), (12, 14), (24, 12), (13, 3), (5, 4), (10, 19), (17, 19)]
(13, 3)*(12.144635318552828, 4.025003685089655)*[(0, 2), (12, 14), (24, 12), (13, 3), (5, 4), (10, 19), (17, 19)]
(13, 3)*(11.91443735009087, 1.8021094950546548)*[(0, 2), (12, 14), (24, 12), (13, 3), (5, 4), (10, 19), (17, 19)]
(13, 3)*(12.633064642777894, 2.8791382870295803)*[(0, 2), (12, 14), (24, 12), (13, 3), (5, 4), (10, 19), (17, 19)]
(13, 3)*(10.3380127564536, 0.6411592865592572)*[(0, 2), (12, 14), (24, 12), (13, 3), (5, 4), (10, 19), (17, 19)]
(13, 3)*(11.86094641154436, 0.08616251782001355)*[(0, 2), (12, 14), (24, 12), (13, 3), (5, 4), (10, 19), (17, 19)]
(13, 3)*(8.605797208468612, 3.5384523917271307)*[(0, 2), (12, 14), (24, 12), (13, 3), (5, 4), (10, 19), (17, 19)]
(13, 3)*(12.465605746642844, 0.4111753071672865)*[(0, 2), (12, 14), (24, 12), (13, 3), (5, 4), (10, 19), (17, 19)]
(13, 3)*(7.206815609338364, 1.0191823238631723)*[(0, 2), (12, 14), (24, 12), (13, 3), (5, 4), (10, 19), (17, 19)]
(13, 3)*(7.466976763003832, 3.0392563427061923)*[(0, 2), (12, 14), (24, 12), (13, 3), (5, 4), (10, 19), (17, 19)]
(13, 3)*(12.841685883405049, 1.7781788819096294)*[(0, 2), (12, 14), (24, 12), (13, 3), (5, 4), (10, 19), (17, 19)]
(13, 3)*(7.124153157518, 1.369699537794668)*[(0, 2), (12, 14), (24, 12), (13, 3), (5, 4), (10, 19), (17, 19)]
(13, 3)*(11.35762948450003, 3.1715581009513336)*[(0, 2), (12, 14), (24, 12), (13, 3), (5, 4), (10, 19), (17, 19)]
(13, 3)*(9.96412287075945, 1.7814895038063767)*[(0, 2), (12, 14), (24, 12), (13, 3), (5, 4), (10, 19), (17, 19)]
(13, 3)*(12.107821385340838, 1.9418636223495387)*[(0, 2), (12, 14), (24, 12), (13, 3), (5, 4), (10, 19), (17, 19)]
(13, 3)*(7.416816652500152, 2.607751042351019)*[(0, 2), (12, 14), (24, 12), (13, 3), (5, 4), (10, 19), (17, 19)]
(13, 3)*(7.522359974482274, 0.7805697086705209)*[(0, 2), (12, 14), (24, 12), (13, 3), (5, 4), (10, 19), (17, 19)]
(13, 3)*(10.977929701619981, 2.6731678823629377)*[(0, 2), (12, 14), (24, 12), (13, 3), (5, 4), (10, 19), (17, 19)]
(13, 3)*(8.045877339724472, 0.6263308074783688)*[(0, 2), (12, 14), (24, 12), (13, 3), (5, 4), (10, 19), (17, 19)]
(13, 3)*(8.297973683913463, 3.378802055268719)*[(0, 2), (12, 14), (24, 12), (13, 3), (5, 4), (10, 19), (17, 19)]
(13, 3)*(10.26825415109639, 0.14274847642553223)*[(0, 2), (12, 14), (24, 12), (13, 3), (5, 4), (10, 19), (17, 19)]
(13, 3)*(8.61575376547292, 2.702754367876862)*[(0, 2), (12, 14), (24, 12), (13, 3), (5, 4), (10, 19), (17, 19)]
(13, 3)*(11.583126250651002, 2.6769556032030133)*[(0, 2), (12, 14), (24, 12), (13, 3), (5, 4), (10, 19), (17, 19)]
(13, 3)*(12.708053766266854, 2.7018983851571354)*[(0, 2), (12, 14), (24, 12), (13, 3), (5, 4), (10, 19), (17, 19)]
(13, 3)*(11.371594087533214, 4.535671125477485)*[(0, 2), (12, 14), (24, 12), (13, 3), (5, 4), (10, 19), (17, 19)]
(13, 3)*(7.218654941878755, 1.2093883715979747)*[(0, 2), (12, 14), (24, 12), (13, 3), (5, 4), (10, 19), (17, 19)]
(13, 3)*(12.308893634848667, 1.7464926035374577)*[(0, 2), (12, 14), (24, 12), (13, 3), (5, 4), (10, 19), (17, 19)]
(13, 3)*(10.102168361082075, 3.284369286405193)*[(0, 2), (12, 14), (24, 12), (13, 3), (5, 4), (10, 19), (17, 19)]
(13, 3)*(8.555263236366546, -0.23068586490219506)*[(0, 2), (12, 14), (24, 12), (13, 3), (5, 4), (10, 19), (17, 19)]
(13, 3)*(11.084700536366384, 2.7416200623284688)*[(0, 2), (12, 14), (24, 12), (13, 3), (5, 4), (10, 19), (17, 19)]
(13, 3)*(9.447143775240203, 2.3540963078938133)*[(0, 2), (12, 14), (24, 12), (13, 3), (5, 4), (10, 19), (17, 19)]
(13, 3)*(7.293821605531278, 2.855186699298073)*[(0, 2), (12, 14), (24, 12), (13, 3), (5, 4), (10, 19), (17, 19)]
(13, 3)*(8.650204816220533, 0.8303488677818727)*[(0, 2), (12, 14), (24, 12), (13, 3), (5, 4), (10, 19), (17, 19)]
(13, 3)*(8.646776286299682, -0.6319716458634936)*[(0, 2), (12, 14), (24, 12), (13, 3), (5, 4), (10, 19), (17, 19)]
(13, 3)*(9.408300503878838, 2.4508857270507782)*[(0, 2), (12, 14), (24, 12), (13, 3), (5, 4), (10, 19), (17, 19)]
(13, 3)*(8.916473309497896, 4.271148769673496)*[(0, 2), (12, 14), (24, 12), (13, 3), (5, 4), (10, 19), (17, 19)]
(13, 3)*(8.619622052278016, 1.220340353601911)*[(0, 2), (12, 14), (24, 12), (13, 3), (5, 4), (10, 19), (17, 19)]
(13, 3)*(11.377403906889207, 3.441567685495253)*[(0, 2), (12, 14), (24, 12), (13, 3), (5, 4), (10, 19), (17, 19)]
(13, 3)*(12.36605985637427, 2.59899352700084)*[(0, 2), (12, 14), (24, 12), (13, 3), (5, 4), (10, 19), (17, 19)]
(13, 3)*(11.216067969924627, -0.0676968486618369)*[(0, 2), (12, 14), (24, 12), (13, 3), (5, 4), (10, 19), (17, 19)]
(13, 3)*(10.304797907091343, 0.7544104993163938)*[(0, 2), (12, 14), (24, 12), (13, 3), (5, 4), (10, 19), (17, 19)]
(13, 3)*(9.139610225896178, -0.5145653040594327)*[(0, 2), (12, 14), (24, 12), (13, 3), (5, 4), (10, 19), (17, 19)]
(13, 3)*(9.20994497719855, 1.146609280497489)*[(0, 2), (12, 14), (24, 12), (13, 3), (5, 4), (10, 19), (17, 19)]
(13, 3)*(10.763253091766892, 0.9093440156417834)*[(0, 2), (12, 14), (24, 12), (13, 3), (5, 4), (10, 19), (17, 19)]
(13, 3)*(11.2320030559494, 3.4178418186803774)*[(0, 2), (12, 14), (24, 12), (13, 3), (5, 4), (10, 19), (17, 19)]
(13, 3)*(8.280444744885116, 3.6451560733990194)*[(0, 2), (12, 14), (24, 12), (13, 3), (5, 4), (10, 19), (17, 19)]
(13, 3)*(9.69075973731595, 1.5273177566936784)*[(0, 2), (12, 14), (24, 12), (13, 3), (5, 4), (10, 19), (17, 19)]
(13, 3)*(8.314596328379311, 0.4973475045733875)*[(0, 2), (12, 14), (24, 12), (13, 3), (5, 4), (10, 19), (17, 19)]
(13, 3)*(10.393012402841764, 2.990301258533508)*[(0, 2), (12, 14), (24, 12), (13, 3), (5, 4), (10, 19), (17, 19)]
(13, 3)*(9.89247734799871, 4.826738769534481)*[(0, 2), (12, 14), (24, 12), (13, 3), (5, 4), (10, 19), (17, 19)]
(13, 3)*(10.613519542704742, 2.4488181478899236)*[(0, 2), (12, 14), (24, 12), (13, 3), (5, 4), (10, 19), (17, 19)]
(13, 3)*(11.524458675150546, 3.0600458538835316)*[(0, 2), (12, 14), (24, 12), (13, 3), (5, 4), (10, 19), (17, 19)]
(13, 3)*(10.287404388194975, 1.0077418602921937)*[(0, 2), (12, 14), (24, 12), (13, 3), (5, 4), (10, 19), (17, 19)]
(13, 3)*(11.505846389603711, 0.1980455132753236)*[(0, 2), (12, 14), (24, 12), (13, 3), (5, 4), (10, 19), (17, 19)]
(13, 3)*(9.51708605011097, 3.519847162423192)*[(0, 2), (12, 14), (24, 12), (13, 3), (5, 4), (10, 19), (17, 19)]
(13, 3)*(10.53530320412866, 3.2102196847218596)*[(0, 2), (12, 14), (24, 12), (13, 3), (5, 4), (10, 19), (17, 19)]
(13, 3)*(7.820204695351558, 1.9514951592968268)*[(0, 2), (12, 14), (24, 12), (13, 3), (5, 4), (10, 19), (17, 19)]
(13, 3)*(8.740962561851802, 2.8365895712617606)*[(0, 2), (12, 14), (24, 12), (13, 3), (5, 4), (10, 19), (17, 19)]
(13, 3)*(12.977463889753164, 2.0652357756562125)*[(0, 2), (12, 14), (24, 12), (13, 3), (5, 4), (10, 19), (17, 19)]
(13, 3)*(10.441845848627796, -0.8129924265292613)*[(0, 2), (12, 14), (24, 12), (13, 3), (5, 4), (10, 19), (17, 19)]
(13, 3)*(11.378735974323092, 1.0046332845287205)*[(0, 2), (12, 14), (24, 12), (13, 3), (5, 4), (10, 19), (17, 19)]
(13, 3)*(11.167510316271075, 4.474535946232443)*[(0, 2), (12, 14), (24, 12), (13, 3), (5, 4), (10, 19), (17, 19)]
(13, 3)*(11.534212079628574, 0.704406721708406)*[(0, 2), (12, 14), (24, 12), (13, 3), (5, 4), (10, 19), (17, 19)]
(13, 3)*(9.434289337019909, 0.5438678566855875)*[(0, 2), (12, 14), (24, 12), (13, 3), (5, 4), (10, 19), (17, 19)]
(13, 3)*(11.029475249326353, 4.498379189828315)*[(0, 2), (12, 14), (24, 12), (13, 3), (5, 4), (10, 19), (17, 19)]
(13, 3)*(10.20002191996863, 1.1470757284772612)*[(0, 2), (12, 14), (24, 12), (13, 3), (5, 4), (10, 19), (17, 19)]
(13, 3)*(10.548001137663405, 2.4019197011486715)*[(0, 2), (12, 14), (24, 12), (13, 3), (5, 4), (10, 19), (17, 19)]
(13, 3)*(12.223617658224237, 2.0957422122870097)*[(0, 2), (12, 14), (24, 12), (13, 3), (5, 4), (10, 19), (17, 19)]
(13, 3)*(8.710317782565681, 4.67607114776984)*[(0, 2), (12, 14), (24, 12), (13, 3), (5, 4), (10, 19), (17, 19)]
(13, 3)*(7.385949599658744, 1.9361302236770708)*[(0, 2), (12, 14), (24, 12), (13, 3), (5, 4), (10, 19), (17, 19)]
(13, 3)*(7.357690782790746, 2.2720916763651013)*[(0, 2), (12, 14), (24, 12), (13, 3), (5, 4), (10, 19), (17, 19)]
(13, 3)*(10.076433471355035, 4.37039027176967)*[(0, 2), (12, 14), (24, 12), (13, 3), (5, 4), (10, 19), (17, 19)]
(13, 3)*(12.693454580333983, 1.1902529908870558)*[(0, 2), (12, 14), (24, 12), (13, 3), (5, 4), (10, 19), (17, 19)]
(13, 3)*(11.161957041173581, -0.11911040163672593)*[(0, 2), (12, 14), (24, 12), (13, 3), (5, 4), (10, 19), (17, 19)]
(13, 3)*(7.757969864283584, 1.401247691965011)*[(0, 2), (12, 14), (24, 12), (13, 3), (5, 4), (10, 19), (17, 19)]
(13, 3)*(11.076201339079269, 3.0872828875499776)*[(0, 2), (12, 14), (24, 12), (13, 3), (5, 4), (10, 19), (17, 19)]
(13, 3)*(7.2110018330531975, 2.7004583163615905)*[(0, 2), (12, 14), (24, 12), (13, 3), (5, 4), (10, 19), (17, 19)]
(13, 3)*(11.697285859445959, 2.604614277532586)*[(0, 2), (12, 14), (24, 12), (13, 3), (5, 4), (10, 19), (17, 19)]
(13, 3)*(8.14596091013833, 1.6795362943142957)*[(0, 2), (12, 14), (24, 12), (13, 3), (5, 4), (10, 19), (17, 19)]
(13, 3)*(9.889837799000892, 4.05898226247991)*[(0, 2), (12, 14), (24, 12), (13, 3), (5, 4), (10, 19), (17, 19)]
(13, 3)*(8.00531449453323, 0.3751720515442766)*[(0, 2), (12, 14), (24, 12), (13, 3), (5, 4), (10, 19), (17, 19)]
(13, 3)*(12.000092490378012, 0.3037716099890049)*[(0, 2), (12, 14), (24, 12), (13, 3), (5, 4), (10, 19), (17, 19)]
(13, 3)*(10.75944115694697, 2.521575349795581)*[(0, 2), (12, 14), (24, 12), (13, 3), (5, 4), (10, 19), (17, 19)]
(13, 3)*(10.190972428556318, 1.4766806107292818)*[(0, 2), (12, 14), (24, 12), (13, 3), (5, 4), (10, 19), (17, 19)]
(13, 3)*(12.554216945908562, 3.2273845064558326)*[(0, 2), (12, 14), (24, 12), (13, 3), (5, 4), (10, 19), (17, 19)]
(13, 3)*(8.516914286538304, 4.140455837712871)*[(0, 2), (12, 14), (24, 12), (13, 3), (5, 4), (10, 19), (17, 19)]
(13, 3)*(12.439947052254832, 2.674093081705082)*[(0, 2), (12, 14), (24, 12), (13, 3), (5, 4), (10, 19), (17, 19)]
(13, 3)*(8.66523398546933, 3.251276896675324)*[(0, 2), (12, 14), (24, 12), (13, 3), (5, 4), (10, 19), (17, 19)]
(13, 3)*(8.730228668088175, -0.44425402120878166)*[(0, 2), (12, 14), (24, 12), (13, 3), (5, 4), (10, 19), (17, 19)]
(13, 3)*(12.531470479116491, 3.3694277439714178)*[(0, 2), (12, 14), (24, 12), (13, 3), (5, 4), (10, 19), (17, 19)]
(13, 3)*(11.14791249956446, 0.22198526385580364)*[(0, 2), (12, 14), (24, 12), (13, 3), (5, 4), (10, 19), (17, 19)]
(13, 3)*(7.205297227443665, 2.5007483680313367)*[(0, 2), (12, 14), (24, 12), (13, 3), (5, 4), (10, 19), (17, 19)]
(13, 3)*(11.06780872295941, 3.4955963165022497)*[(0, 2), (12, 14), (24, 12), (13, 3), (5, 4), (10, 19), (17, 19)]
(13, 3)*(9.770847221295787, 1.6746737625090953)*[(0, 2), (12, 14), (24, 12), (13, 3), (5, 4), (10, 19), (17, 19)]
(13, 3)*(11.469251863585658, 1.3139036279984726)*[(0, 2), (12, 14), (24, 12), (13, 3), (5, 4), (10, 19), (17, 19)]
(5, 4)*(8.043031869314246, 9.943139254887644)*[(0, 2), (12, 14), (24, 12), (13, 3), (5, 4), (10, 19), (17, 19)]
(5, 4)*(11.726771789408124, 7.7457465494837825)*[(0, 2), (12, 14), (24, 12), (13, 3), (5, 4), (10, 19), (17, 19)]
(5, 4)*(9.029020636556629, 12.18969726406916)*[(0, 2), (12, 14), (24, 12), (13, 3), (5, 4), (10, 19), (17, 19)]
(5, 4)*(7.242731467182606, 10.436455013105705)*[(0, 2), (12, 14), (24, 12), (13, 3), (5, 4), (10, 19), (17, 19)]
(5, 4)*(7.345355817788982, 8.922576250641223)*[(0, 2), (12, 14), (24, 12), (13, 3), (5, 4), (10, 19), (17, 19)]
(5, 4)*(9.635065525842808, 9.866694089796841)*[(0, 2), (12, 14), (24, 12), (13, 3), (5, 4), (10, 19), (17, 19)]
(5, 4)*(9.312828297901515, 9.946240234339037)*[(0, 2), (12, 14), (24, 12), (13, 3), (5, 4), (10, 19), (17, 19)]
(5, 4)*(12.656148930965097, 9.028182846088471)*[(0, 2), (12, 14), (24, 12), (13, 3), (5, 4), (10, 19), (17, 19)]
(5, 4)*(10.965507455733057, 10.668252592259764)*[(0, 2), (12, 14), (24, 12), (13, 3), (5, 4), (10, 19), (17, 19)]
(5, 4)*(8.271091436659606, 10.587383681514671)*[(0, 2), (12, 14), (24, 12), (13, 3), (5, 4), (10, 19), (17, 19)]
(5, 4)*(11.977628368560259, 9.894902343773099)*[(0, 2), (12, 14), (24, 12), (13, 3), (5, 4), (10, 19), (17, 19)]
(5, 4)*(10.377918588670429, 8.90729910819862)*[(0, 2), (12, 14), (24, 12), (13, 3), (5, 4), (10, 19), (17, 19)]
(5, 4)*(7.8188531483960375, 8.67224689715909)*[(0, 2), (12, 14), (24, 12), (13, 3), (5, 4), (10, 19), (17, 19)]
(5, 4)*(11.141585256134846, 10.402980494111421)*[(0, 2), (12, 14), (24, 12), (13, 3), (5, 4), (10, 19), (17, 19)]
(5, 4)*(8.683283254743785, 9.13507749888836)*[(0, 2), (12, 14), (24, 12), (13, 3), (5, 4), (10, 19), (17, 19)]
(5, 4)*(12.817055173967983, 10.256609564946546)*[(0, 2), (12, 14), (24, 12), (13, 3), (5, 4), (10, 19), (17, 19)]
(5, 4)*(7.94441239951343, 10.536645243399644)*[(0, 2), (12, 14), (24, 12), (13, 3), (5, 4), (10, 19), (17, 19)]
(5, 4)*(12.982597650738587, 9.925830675167692)*[(0, 2), (12, 14), (24, 12), (13, 3), (5, 4), (10, 19), (17, 19)]
(5, 4)*(7.709459835655725, 10.289525955030465)*[(0, 2), (12, 14), (24, 12), (13, 3), (5, 4), (10, 19), (17, 19)]
(5, 4)*(11.497637968143502, 9.352255785896897)*[(0, 2), (12, 14), (24, 12), (13, 3), (5, 4), (10, 19), (17, 19)]
(5, 4)*(9.48960187375216, 9.57809715251794)*[(0, 2), (12, 14), (24, 12), (13, 3), (5, 4), (10, 19), (17, 19)]
(5, 4)*(12.422081967886388, 11.326873576123925)*[(0, 2), (12, 14), (24, 12), (13, 3), (5, 4), (10, 19), (17, 19)]
(5, 4)*(11.46747677091491, 10.290096783364607)*[(0, 2), (12, 14), (24, 12), (13, 3), (5, 4), (10, 19), (17, 19)]
(5, 4)*(9.176776704462405, 12.249578650963052)*[(0, 2), (12, 14), (24, 12), (13, 3), (5, 4), (10, 19), (17, 19)]
(5, 4)*(8.863693654610834, 7.4900082509368096)*[(0, 2), (12, 14), (24, 12), (13, 3), (5, 4), (10, 19), (17, 19)]
(5, 4)*(8.37165540313227, 11.729806664968196)*[(0, 2), (12, 14), (24, 12), (13, 3), (5, 4), (10, 19), (17, 19)]
(5, 4)*(12.703178028986612, 10.714835544982222)*[(0, 2), (12, 14), (24, 12), (13, 3), (5, 4), (10, 19), (17, 19)]
(5, 4)*(9.352475101730331, 7.929864614474451)*[(0, 2), (12, 14), (24, 12), (13, 3), (5, 4), (10, 19), (17, 19)]
(5, 4)*(11.6890250249591, 9.3466450120746)*[(0, 2), (12, 14), (24, 12), (13, 3), (5, 4), (10, 19), (17, 19)]
(5, 4)*(7.4401562065115385, 9.650749168620273)*[(0, 2), (12, 14), (24, 12), (13, 3), (5, 4), (10, 19), (17, 19)]
(5, 4)*(12.082291822241764, 8.108340260581764)*[(0, 2), (12, 14), (24, 12), (13, 3), (5, 4), (10, 19), (17, 19)]
(5, 4)*(7.212988748372819, 10.012958375635149)*[(0, 2), (12, 14), (24, 12), (13, 3), (5, 4), (10, 19), (17, 19)]
(5, 4)*(10.308904029524545, 11.454436114328725)*[(0, 2), (12, 14), (24, 12), (13, 3), (5, 4), (10, 19), (17, 19)]
(5, 4)*(7.715497000650346, 10.748924835850067)*[(0, 2), (12, 14), (24, 12), (13, 3), (5, 4), (10, 19), (17, 19)]
(5, 4)*(11.308141588364904, 12.37460268423908)*[(0, 2), (12, 14), (24, 12), (13, 3), (5, 4), (10, 19), (17, 19)]
(5, 4)*(8.537488488394478, 7.659824394507103)*[(0, 2), (12, 14), (24, 12), (13, 3), (5, 4), (10, 19), (17, 19)]
(5, 4)*(12.164059888903804, 8.775213008614422)*[(0, 2), (12, 14), (24, 12), (13, 3), (5, 4), (10, 19), (17, 19)]
(5, 4)*(9.392768356892974, 11.60169489776456)*[(0, 2), (12, 14), (24, 12), (13, 3), (5, 4), (10, 19), (17, 19)]
(5, 4)*(12.232662150948483, 11.36007606184477)*[(0, 2), (12, 14), (24, 12), (13, 3), (5, 4), (10, 19), (17, 19)]
(5, 4)*(8.807652058799032, 7.7070806261848634)*[(0, 2), (12, 14), (24, 12), (13, 3), (5, 4), (10, 19), (17, 19)]
(5, 4)*(10.281770782375155, 12.359733869969638)*[(0, 2), (12, 14), (24, 12), (13, 3), (5, 4), (10, 19), (17, 19)]
(5, 4)*(10.847300925581855, 12.722403772932715)*[(0, 2), (12, 14), (24, 12), (13, 3), (5, 4), (10, 19), (17, 19)]
(5, 4)*(11.661043733905263, 7.57105590137218)*[(0, 2), (12, 14), (24, 12), (13, 3), (5, 4), (10, 19), (17, 19)]
(5, 4)*(7.4398744397041545, 10.745891687501794)*[(0, 2), (12, 14), (24, 12), (13, 3), (5, 4), (10, 19), (17, 19)]
(5, 4)*(11.394602861874297, 7.724171256143544)*[(0, 2), (12, 14), (24, 12), (13, 3), (5, 4), (10, 19), (17, 19)]
(5, 4)*(10.0594228682493, 9.283316367772937)*[(0, 2), (12, 14), (24, 12), (13, 3), (5, 4), (10, 19), (17, 19)]
(5, 4)*(10.77976232855233, 8.73682583787114)*[(0, 2), (12, 14), (24, 12), (13, 3), (5, 4), (10, 19), (17, 19)]
(5, 4)*(8.021968333728626, 9.40371148309035)*[(0, 2), (12, 14), (24, 12), (13, 3), (5, 4), (10, 19), (17, 19)]
(5, 4)*(12.25099232440339, 8.022187712664097)*[(0, 2), (12, 14), (24, 12), (13, 3), (5, 4), (10, 19), (17, 19)]
(5, 4)*(12.811216205890062, 10.73882841824237)*[(0, 2), (12, 14), (24, 12), (13, 3), (5, 4), (10, 19), (17, 19)]
(5, 4)*(8.768084776519165, 8.743033875696657)*[(0, 2), (12, 14), (24, 12), (13, 3), (5, 4), (10, 19), (17, 19)]
(5, 4)*(7.8360582188185095, 9.186796477341606)*[(0, 2), (12, 14), (24, 12), (13, 3), (5, 4), (10, 19), (17, 19)]
(5, 4)*(9.551992843741143, 8.512963494490135)*[(0, 2), (12, 14), (24, 12), (13, 3), (5, 4), (10, 19), (17, 19)]
(5, 4)*(8.100559929888508, 10.3283130574302)*[(0, 2), (12, 14), (24, 12), (13, 3), (5, 4), (10, 19), (17, 19)]
(5, 4)*(9.212157309490978, 9.253463178403365)*[(0, 2), (12, 14), (24, 12), (13, 3), (5, 4), (10, 19), (17, 19)]
(5, 4)*(9.41534083976223, 12.239409666241933)*[(0, 2), (12, 14), (24, 12), (13, 3), (5, 4), (10, 19), (17, 19)]
(5, 4)*(10.214638722943974, 11.921272562908007)*[(0, 2), (12, 14), (24, 12), (13, 3), (5, 4), (10, 19), (17, 19)]
(5, 4)*(11.692386946075434, 11.794379661993108)*[(0, 2), (12, 14), (24, 12), (13, 3), (5, 4), (10, 19), (17, 19)]
(5, 4)*(7.188784861159009, 9.69482321881306)*[(0, 2), (12, 14), (24, 12), (13, 3), (5, 4), (10, 19), (17, 19)]
(5, 4)*(7.543890554849954, 11.049793804887996)*[(0, 2), (12, 14), (24, 12), (13, 3), (5, 4), (10, 19), (17, 19)]
(5, 4)*(8.70160457351481, 11.282932553090248)*[(0, 2), (12, 14), (24, 12), (13, 3), (5, 4), (10, 19), (17, 19)]
(5, 4)*(7.373225788551319, 9.861547866978933)*[(0, 2), (12, 14), (24, 12), (13, 3), (5, 4), (10, 19), (17, 19)]
(5, 4)*(10.50548696003083, 9.783230360453894)*[(0, 2), (12, 14), (24, 12), (13, 3), (5, 4), (10, 19), (17, 19)]
(5, 4)*(10.954936783549615, 10.065921422709321)*[(0, 2), (12, 14), (24, 12), (13, 3), (5, 4), (10, 19), (17, 19)]
(5, 4)*(9.940710127927707, 7.821318784356329)*[(0, 2), (12, 14), (24, 12), (13, 3), (5, 4), (10, 19), (17, 19)]
(5, 4)*(11.53146880103396, 11.03928329036468)*[(0, 2), (12, 14), (24, 12), (13, 3), (5, 4), (10, 19), (17, 19)]
(5, 4)*(7.67857266319123, 11.355537047001647)*[(0, 2), (12, 14), (24, 12), (13, 3), (5, 4), (10, 19), (17, 19)]
(5, 4)*(11.236743641844333, 9.737847530871033)*[(0, 2), (12, 14), (24, 12), (13, 3), (5, 4), (10, 19), (17, 19)]
(5, 4)*(10.280853278620764, 11.182007697773184)*[(0, 2), (12, 14), (24, 12), (13, 3), (5, 4), (10, 19), (17, 19)]
(5, 4)*(9.948880129932608, 8.431529370559478)*[(0, 2), (12, 14), (24, 12), (13, 3), (5, 4), (10, 19), (17, 19)]
(5, 4)*(7.317902122000066, 9.741692264064106)*[(0, 2), (12, 14), (24, 12), (13, 3), (5, 4), (10, 19), (17, 19)]
(5, 4)*(8.67670164222061, 10.024893058572598)*[(0, 2), (12, 14), (24, 12), (13, 3), (5, 4), (10, 19), (17, 19)]
(5, 4)*(7.832857549151297, 9.070720719434064)*[(0, 2), (12, 14), (24, 12), (13, 3), (5, 4), (10, 19), (17, 19)]
(5, 4)*(11.096153366356472, 10.620166505031257)*[(0, 2), (12, 14), (24, 12), (13, 3), (5, 4), (10, 19), (17, 19)]
(5, 4)*(7.251209371195526, 9.201388185620193)*[(0, 2), (12, 14), (24, 12), (13, 3), (5, 4), (10, 19), (17, 19)]
(5, 4)*(10.453533480982266, 9.538886381226897)*[(0, 2), (12, 14), (24, 12), (13, 3), (5, 4), (10, 19), (17, 19)]
(5, 4)*(10.035884227950675, 10.233284797925451)*[(0, 2), (12, 14), (24, 12), (13, 3), (5, 4), (10, 19), (17, 19)]
(5, 4)*(7.522587445812428, 9.846389850151418)*[(0, 2), (12, 14), (24, 12), (13, 3), (5, 4), (10, 19), (17, 19)]
(5, 4)*(9.30380804253531, 8.813160357618285)*[(0, 2), (12, 14), (24, 12), (13, 3), (5, 4), (10, 19), (17, 19)]
(5, 4)*(7.36675783306406, 10.757322714769108)*[(0, 2), (12, 14), (24, 12), (13, 3), (5, 4), (10, 19), (17, 19)]
(5, 4)*(10.851335993661323, 9.645994315052768)*[(0, 2), (12, 14), (24, 12), (13, 3), (5, 4), (10, 19), (17, 19)]
(5, 4)*(10.649010662843969, 12.786416091241028)*[(0, 2), (12, 14), (24, 12), (13, 3), (5, 4), (10, 19), (17, 19)]
(5, 4)*(9.240905005796119, 11.40215463607316)*[(0, 2), (12, 14), (24, 12), (13, 3), (5, 4), (10, 19), (17, 19)]
(5, 4)*(8.083795652948684, 11.50815227113298)*[(0, 2), (12, 14), (24, 12), (13, 3), (5, 4), (10, 19), (17, 19)]
(5, 4)*(10.889408114465146, 9.566092424324928)*[(0, 2), (12, 14), (24, 12), (13, 3), (5, 4), (10, 19), (17, 19)]
(5, 4)*(9.078016329725408, 12.460737918288698)*[(0, 2), (12, 14), (24, 12), (13, 3), (5, 4), (10, 19), (17, 19)]
(5, 4)*(9.5326763600338, 10.91573805351002)*[(0, 2), (12, 14), (24, 12), (13, 3), (5, 4), (10, 19), (17, 19)]
(5, 4)*(7.815803818386625, 9.486231954780427)*[(0, 2), (12, 14), (24, 12), (13, 3), (5, 4), (10, 19), (17, 19)]
(5, 4)*(12.845994957322127, 9.56736711093332)*[(0, 2), (12, 14), (24, 12), (13, 3), (5, 4), (10, 19), (17, 19)]
(5, 4)*(8.279494539747633, 10.105162876763025)*[(0, 2), (12, 14), (24, 12), (13, 3), (5, 4), (10, 19), (17, 19)]
(5, 4)*(11.077512565057972, 11.819385090244854)*[(0, 2), (12, 14), (24, 12), (13, 3), (5, 4), (10, 19), (17, 19)]
(5, 4)*(9.869986264571878, 8.65064727766817)*[(0, 2), (12, 14), (24, 12), (13, 3), (5, 4), (10, 19), (17, 19)]
(5, 4)*(11.659229294467796, 10.124522717107963)*[(0, 2), (12, 14), (24, 12), (13, 3), (5, 4), (10, 19), (17, 19)]
(5, 4)*(7.95899956143184, 12.021641279869893)*[(0, 2), (12, 14), (24, 12), (13, 3), (5, 4), (10, 19), (17, 19)]
(5, 4)*(11.353990731852395, 9.1053079282783)*[(0, 2), (12, 14), (24, 12), (13, 3), (5, 4), (10, 19), (17, 19)]
(5, 4)*(8.032255472694917, 11.780596295769605)*[(0, 2), (12, 14), (24, 12), (13, 3), (5, 4), (10, 19), (17, 19)]
(5, 4)*(11.793052669401877, 9.2126949811149)*[(0, 2), (12, 14), (24, 12), (13, 3), (5, 4), (10, 19), (17, 19)]
(5, 4)*(12.872194253336197, 10.8424800005199)*[(0, 2), (12, 14), (24, 12), (13, 3), (5, 4), (10, 19), (17, 19)]
(5, 4)*(10.773247132416246, 11.621789109230654)*[(0, 2), (12, 14), (24, 12), (13, 3), (5, 4), (10, 19), (17, 19)]
(5, 4)*(9.110996802626092, 8.876332425511258)*[(0, 2), (12, 14), (24, 12), (13, 3), (5, 4), (10, 19), (17, 19)]
(10, 19)*(14.223949173429446, 17.796458230996326)*[(0, 2), (12, 14), (24, 12), (13, 3), (5, 4), (10, 19), (17, 19)]
(10, 19)*(15.706059259630498, 21.554188432467612)*[(0, 2), (12, 14), (24, 12), (13, 3), (5, 4), (10, 19), (17, 19)]
(10, 19)*(13.354688733061792, 18.803735010613412)*[(0, 2), (12, 14), (24, 12), (13, 3), (5, 4), (10, 19), (17, 19)]
(10, 19)*(15.677343966323072, 18.82550952448388)*[(0, 2), (12, 14), (24, 12), (13, 3), (5, 4), (10, 19), (17, 19)]
(10, 19)*(14.00528477316119, 20.538216750852623)*[(0, 2), (12, 14), (24, 12), (13, 3), (5, 4), (10, 19), (17, 19)]
(10, 19)*(12.559391523532877, 21.56300899917352)*[(0, 2), (12, 14), (24, 12), (13, 3), (5, 4), (10, 19), (17, 19)]
(10, 19)*(12.025893017731148, 20.326705463589622)*[(0, 2), (12, 14), (24, 12), (13, 3), (5, 4), (10, 19), (17, 19)]
(10, 19)*(16.00463771218137, 17.408839512310056)*[(0, 2), (12, 14), (24, 12), (13, 3), (5, 4), (10, 19), (17, 19)]
(10, 19)*(13.32822494369455, 20.83893866339428)*[(0, 2), (12, 14), (24, 12), (13, 3), (5, 4), (10, 19), (17, 19)]
(10, 19)*(12.394788668423784, 18.905246208953496)*[(0, 2), (12, 14), (24, 12), (13, 3), (5, 4), (10, 19), (17, 19)]
(10, 19)*(15.1453061686862, 20.09495788579086)*[(0, 2), (12, 14), (24, 12), (13, 3), (5, 4), (10, 19), (17, 19)]
(10, 19)*(15.92813913883735, 17.52363078690471)*[(0, 2), (12, 14), (24, 12), (13, 3), (5, 4), (10, 19), (17, 19)]
(10, 19)*(12.164579937389604, 19.142867250038893)*[(0, 2), (12, 14), (24, 12), (13, 3), (5, 4), (10, 19), (17, 19)]
(10, 19)*(14.040560045284668, 17.808490150649455)*[(0, 2), (12, 14), (24, 12), (13, 3), (5, 4), (10, 19), (17, 19)]
(10, 19)*(15.10307377149784, 18.91457452326591)*[(0, 2), (12, 14), (24, 12), (13, 3), (5, 4), (10, 19), (17, 19)]
(10, 19)*(15.763649213256699, 21.91903812530316)*[(0, 2), (12, 14), (24, 12), (13, 3), (5, 4), (10, 19), (17, 19)]
(10, 19)*(17.916564888754095, 19.92290929519492)*[(0, 2), (12, 14), (24, 12), (13, 3), (5, 4), (10, 19), (17, 19)]
(10, 19)*(13.306881342954425, 18.154282704372108)*[(0, 2), (12, 14), (24, 12), (13, 3), (5, 4), (10, 19), (17, 19)]
(10, 19)*(12.210037779852387, 20.21340110265801)*[(0, 2), (12, 14), (24, 12), (13, 3), (5, 4), (10, 19), (17, 19)]
(10, 19)*(14.262457225716398, 18.097795725864053)*[(0, 2), (12, 14), (24, 12), (13, 3), (5, 4), (10, 19), (17, 19)]
(10, 19)*(17.715142950718075, 21.224872374155623)*[(0, 2), (12, 14), (24, 12), (13, 3), (5, 4), (10, 19), (17, 19)]
(10, 19)*(12.119995816226814, 19.532656156079206)*[(0, 2), (12, 14), (24, 12), (13, 3), (5, 4), (10, 19), (17, 19)]
(10, 19)*(13.210646810391669, 19.03771412636166)*[(0, 2), (12, 14), (24, 12), (13, 3), (5, 4), (10, 19), (17, 19)]
(10, 19)*(15.914803068183623, 21.392404741162792)*[(0, 2), (12, 14), (24, 12), (13, 3), (5, 4), (10, 19), (17, 19)]
(10, 19)*(14.384432685283274, 20.62127801182709)*[(0, 2), (12, 14), (24, 12), (13, 3), (5, 4), (10, 19), (17, 19)]
(10, 19)*(12.18817669524808, 19.828013334618785)*[(0, 2), (12, 14), (24, 12), (13, 3), (5, 4), (10, 19), (17, 19)]
(10, 19)*(13.787482796678551, 18.914104416573917)*[(0, 2), (12, 14), (24, 12), (13, 3), (5, 4), (10, 19), (17, 19)]
(10, 19)*(14.379035974815089, 17.65824276464027)*[(0, 2), (12, 14), (24, 12), (13, 3), (5, 4), (10, 19), (17, 19)]
(10, 19)*(15.715270556928449, 17.512292365303068)*[(0, 2), (12, 14), (24, 12), (13, 3), (5, 4), (10, 19), (17, 19)]
(10, 19)*(16.09235536781312, 17.983053949786317)*[(0, 2), (12, 14), (24, 12), (13, 3), (5, 4), (10, 19), (17, 19)]
(10, 19)*(12.381573338566021, 19.852762711137796)*[(0, 2), (12, 14), (24, 12), (13, 3), (5, 4), (10, 19), (17, 19)]
(10, 19)*(13.621110117165424, 20.15450922845613)*[(0, 2), (12, 14), (24, 12), (13, 3), (5, 4), (10, 19), (17, 19)]
(10, 19)*(15.250814387257927, 17.096571712966828)*[(0, 2), (12, 14), (24, 12), (13, 3), (5, 4), (10, 19), (17, 19)]
(10, 19)*(15.728617682222175, 19.937960999754015)*[(0, 2), (12, 14), (24, 12), (13, 3), (5, 4), (10, 19), (17, 19)]
(10, 19)*(15.414060443512716, 17.029790956310034)*[(0, 2), (12, 14), (24, 12), (13, 3), (5, 4), (10, 19), (17, 19)]
(10, 19)*(17.46489342157585, 20.599010167936417)*[(0, 2), (12, 14), (24, 12), (13, 3), (5, 4), (10, 19), (17, 19)]
(10, 19)*(14.829800295921263, 19.09320283057741)*[(0, 2), (12, 14), (24, 12), (13, 3), (5, 4), (10, 19), (17, 19)]
(10, 19)*(12.95193998272512, 21.57922350655399)*[(0, 2), (12, 14), (24, 12), (13, 3), (5, 4), (10, 19), (17, 19)]
(10, 19)*(13.724004050036394, 18.37801139492995)*[(0, 2), (12, 14), (24, 12), (13, 3), (5, 4), (10, 19), (17, 19)]
(10, 19)*(15.204243731064926, 21.497112639532357)*[(0, 2), (12, 14), (24, 12), (13, 3), (5, 4), (10, 19), (17, 19)]
(10, 19)*(13.24180214948856, 18.420331315745898)*[(0, 2), (12, 14), (24, 12), (13, 3), (5, 4), (10, 19), (17, 19)]
(10, 19)*(14.59182442114376, 18.309267142398603)*[(0, 2), (12, 14), (24, 12), (13, 3), (5, 4), (10, 19), (17, 19)]
(10, 19)*(15.869713954723137, 21.786777009653804)*[(0, 2), (12, 14), (24, 12), (13, 3), (5, 4), (10, 19), (17, 19)]
(10, 19)*(13.968845142289755, 20.246269202621324)*[(0, 2), (12, 14), (24, 12), (13, 3), (5, 4), (10, 19), (17, 19)]
(10, 19)*(17.43785764634773, 19.6963313011344)*[(0, 2), (12, 14), (24, 12), (13, 3), (5, 4), (10, 19), (17, 19)]
(10, 19)*(15.759790294136808, 19.25600711699877)*[(0, 2), (12, 14), (24, 12), (13, 3), (5, 4), (10, 19), (17, 19)]
(10, 19)*(12.767791890114278, 19.682095984690104)*[(0, 2), (12, 14), (24, 12), (13, 3), (5, 4), (10, 19), (17, 19)]
(10, 19)*(12.151761556871907, 19.90376450987678)*[(0, 2), (12, 14), (24, 12), (13, 3), (5, 4), (10, 19), (17, 19)]
(10, 19)*(15.104244565672623, 18.026779560373033)*[(0, 2), (12, 14), (24, 12), (13, 3), (5, 4), (10, 19), (17, 19)]
(10, 19)*(16.423602846817843, 22.03612087412146)*[(0, 2), (12, 14), (24, 12), (13, 3), (5, 4), (10, 19), (17, 19)]
(10, 19)*(12.107701387346815, 19.372198230253645)*[(0, 2), (12, 14), (24, 12), (13, 3), (5, 4), (10, 19), (17, 19)]
(10, 19)*(16.285333149360447, 22.303403340967705)*[(0, 2), (12, 14), (24, 12), (13, 3), (5, 4), (10, 19), (17, 19)]
(10, 19)*(15.431284512725451, 20.59140032879833)*[(0, 2), (12, 14), (24, 12), (13, 3), (5, 4), (10, 19), (17, 19)]
(10, 19)*(13.061461537093509, 19.79634224024178)*[(0, 2), (12, 14), (24, 12), (13, 3), (5, 4), (10, 19), (17, 19)]
(10, 19)*(13.27719006280491, 17.60216184544576)*[(0, 2), (12, 14), (24, 12), (13, 3), (5, 4), (10, 19), (17, 19)]
(10, 19)*(15.840461104971329, 20.165120110413344)*[(0, 2), (12, 14), (24, 12), (13, 3), (5, 4), (10, 19), (17, 19)]
(10, 19)*(15.16956877949794, 21.457266778231002)*[(0, 2), (12, 14), (24, 12), (13, 3), (5, 4), (10, 19), (17, 19)]
(10, 19)*(16.303134607723898, 18.74456143230032)*[(0, 2), (12, 14), (24, 12), (13, 3), (5, 4), (10, 19), (17, 19)]
(10, 19)*(16.215578507700013, 18.969546286112397)*[(0, 2), (12, 14), (24, 12), (13, 3), (5, 4), (10, 19), (17, 19)]
(10, 19)*(14.044796919419325, 22.139835163843948)*[(0, 2), (12, 14), (24, 12), (13, 3), (5, 4), (10, 19), (17, 19)]
(10, 19)*(17.200173234307016, 19.674725743427853)*[(0, 2), (12, 14), (24, 12), (13, 3), (5, 4), (10, 19), (17, 19)]
(10, 19)*(17.302266833079038, 20.295895612775418)*[(0, 2), (12, 14), (24, 12), (13, 3), (5, 4), (10, 19), (17, 19)]
(10, 19)*(14.665953725990859, 22.72991426157161)*[(0, 2), (12, 14), (24, 12), (13, 3), (5, 4), (10, 19), (17, 19)]
(10, 19)*(14.543996346575147, 17.279599937562605)*[(0, 2), (12, 14), (24, 12), (13, 3), (5, 4), (10, 19), (17, 19)]
(10, 19)*(14.969426751217524, 20.693889637849082)*[(0, 2), (12, 14), (24, 12), (13, 3), (5, 4), (10, 19), (17, 19)]
(10, 19)*(17.171428491212858, 20.875156341609767)*[(0, 2), (12, 14), (24, 12), (13, 3), (5, 4), (10, 19), (17, 19)]
(10, 19)*(16.505788431755306, 18.167620608447464)*[(0, 2), (12, 14), (24, 12), (13, 3), (5, 4), (10, 19), (17, 19)]
(10, 19)*(15.711481126983363, 20.65795525778528)*[(0, 2), (12, 14), (24, 12), (13, 3), (5, 4), (10, 19), (17, 19)]
(10, 19)*(12.69802243340248, 18.59830802855923)*[(0, 2), (12, 14), (24, 12), (13, 3), (5, 4), (10, 19), (17, 19)]
(10, 19)*(15.538745849756118, 21.702592723057556)*[(0, 2), (12, 14), (24, 12), (13, 3), (5, 4), (10, 19), (17, 19)]
(10, 19)*(16.50149208538438, 19.598273604562436)*[(0, 2), (12, 14), (24, 12), (13, 3), (5, 4), (10, 19), (17, 19)]
(10, 19)*(14.215733064723374, 19.51401173118637)*[(0, 2), (12, 14), (24, 12), (13, 3), (5, 4), (10, 19), (17, 19)]
(10, 19)*(14.266915872111355, 19.041385209819186)*[(0, 2), (12, 14), (24, 12), (13, 3), (5, 4), (10, 19), (17, 19)]
(10, 19)*(17.27170978799561, 18.32187220687025)*[(0, 2), (12, 14), (24, 12), (13, 3), (5, 4), (10, 19), (17, 19)]
(10, 19)*(14.770239249923502, 20.78754275290176)*[(0, 2), (12, 14), (24, 12), (13, 3), (5, 4), (10, 19), (17, 19)]
(10, 19)*(13.436668789380548, 18.505302580724194)*[(0, 2), (12, 14), (24, 12), (13, 3), (5, 4), (10, 19), (17, 19)]
(10, 19)*(14.772720677175549, 20.928766400125802)*[(0, 2), (12, 14), (24, 12), (13, 3), (5, 4), (10, 19), (17, 19)]
(10, 19)*(16.088896308522944, 22.135776725903085)*[(0, 2), (12, 14), (24, 12), (13, 3), (5, 4), (10, 19), (17, 19)]
(10, 19)*(14.367754583270948, 17.082249828260103)*[(0, 2), (12, 14), (24, 12), (13, 3), (5, 4), (10, 19), (17, 19)]
(10, 19)*(12.020491516363869, 20.217176660472493)*[(0, 2), (12, 14), (24, 12), (13, 3), (5, 4), (10, 19), (17, 19)]
(10, 19)*(15.349595173441838, 19.324299784160257)*[(0, 2), (12, 14), (24, 12), (13, 3), (5, 4), (10, 19), (17, 19)]
(10, 19)*(12.45729269351085, 19.801225582956747)*[(0, 2), (12, 14), (24, 12), (13, 3), (5, 4), (10, 19), (17, 19)]
(10, 19)*(16.867251447625407, 19.15778389775734)*[(0, 2), (12, 14), (24, 12), (13, 3), (5, 4), (10, 19), (17, 19)]
(10, 19)*(14.979800522526794, 20.580795154936965)*[(0, 2), (12, 14), (24, 12), (13, 3), (5, 4), (10, 19), (17, 19)]
(10, 19)*(12.121493708245206, 20.068858038390978)*[(0, 2), (12, 14), (24, 12), (13, 3), (5, 4), (10, 19), (17, 19)]
(10, 19)*(17.68796871553148, 19.18881723510337)*[(0, 2), (12, 14), (24, 12), (13, 3), (5, 4), (10, 19), (17, 19)]
(10, 19)*(14.953732518087099, 22.001765968644293)*[(0, 2), (12, 14), (24, 12), (13, 3), (5, 4), (10, 19), (17, 19)]
(10, 19)*(12.297394574817904, 21.016936732335488)*[(0, 2), (12, 14), (24, 12), (13, 3), (5, 4), (10, 19), (17, 19)]
(10, 19)*(17.40645074011723, 21.143533279868674)*[(0, 2), (12, 14), (24, 12), (13, 3), (5, 4), (10, 19), (17, 19)]
(10, 19)*(17.291518461937798, 19.09763196224684)*[(0, 2), (12, 14), (24, 12), (13, 3), (5, 4), (10, 19), (17, 19)]
(10, 19)*(12.09221453894292, 19.455628645072174)*[(0, 2), (12, 14), (24, 12), (13, 3), (5, 4), (10, 19), (17, 19)]
(10, 19)*(14.054085676543835, 17.651358679523163)*[(0, 2), (12, 14), (24, 12), (13, 3), (5, 4), (10, 19), (17, 19)]
(10, 19)*(16.02652963810383, 22.793822797378454)*[(0, 2), (12, 14), (24, 12), (13, 3), (5, 4), (10, 19), (17, 19)]
(10, 19)*(15.63805263315311, 20.539311714108656)*[(0, 2), (12, 14), (24, 12), (13, 3), (5, 4), (10, 19), (17, 19)]
(10, 19)*(13.750741605956923, 20.150599448973736)*[(0, 2), (12, 14), (24, 12), (13, 3), (5, 4), (10, 19), (17, 19)]
(10, 19)*(14.292933330890898, 20.3030727524406)*[(0, 2), (12, 14), (24, 12), (13, 3), (5, 4), (10, 19), (17, 19)]
(10, 19)*(17.643262014053732, 19.3065436005677)*[(0, 2), (12, 14), (24, 12), (13, 3), (5, 4), (10, 19), (17, 19)]
(10, 19)*(15.77466393689363, 17.63811718590282)*[(0, 2), (12, 14), (24, 12), (13, 3), (5, 4), (10, 19), (17, 19)]
(10, 19)*(15.297327179447961, 18.90757023079845)*[(0, 2), (12, 14), (24, 12), (13, 3), (5, 4), (10, 19), (17, 19)]
(10, 19)*(14.947445867012839, 18.963488560503098)*[(0, 2), (12, 14), (24, 12), (13, 3), (5, 4), (10, 19), (17, 19)]
(17, 19)*(20.767918820273685, 11.26757857642035)*[(0, 2), (12, 14), (24, 12), (13, 3), (5, 4), (10, 19), (17, 19)]
(17, 19)*(20.027609735842162, 12.182675303714326)*[(0, 2), (12, 14), (24, 12), (13, 3), (5, 4), (10, 19), (17, 19)]
(17, 19)*(22.102819276943883, 9.071383880307438)*[(0, 2), (12, 14), (24, 12), (13, 3), (5, 4), (10, 19), (17, 19)]
(17, 19)*(22.198311349235894, 11.333264720242763)*[(0, 2), (12, 14), (24, 12), (13, 3), (5, 4), (10, 19), (17, 19)]
(17, 19)*(19.967971547647306, 9.780529638474736)*[(0, 2), (12, 14), (24, 12), (13, 3), (5, 4), (10, 19), (17, 19)]
(17, 19)*(21.296718549037287, 11.09954138455381)*[(0, 2), (12, 14), (24, 12), (13, 3), (5, 4), (10, 19), (17, 19)]
(17, 19)*(22.731092849230304, 9.870438587675189)*[(0, 2), (12, 14), (24, 12), (13, 3), (5, 4), (10, 19), (17, 19)]
(17, 19)*(20.37619387736937, 9.993207965639726)*[(0, 2), (12, 14), (24, 12), (13, 3), (5, 4), (10, 19), (17, 19)]
(17, 19)*(20.058695252047407, 10.654909209929361)*[(0, 2), (12, 14), (24, 12), (13, 3), (5, 4), (10, 19), (17, 19)]
(17, 19)*(21.922772684614348, 12.199894217803326)*[(0, 2), (12, 14), (24, 12), (13, 3), (5, 4), (10, 19), (17, 19)]
(17, 19)*(22.922709351973943, 9.46910130067455)*[(0, 2), (12, 14), (24, 12), (13, 3), (5, 4), (10, 19), (17, 19)]
(17, 19)*(21.310016323979184, 8.504834276447056)*[(0, 2), (12, 14), (24, 12), (13, 3), (5, 4), (10, 19), (17, 19)]
(17, 19)*(18.50940226428432, 11.903998280622256)*[(0, 2), (12, 14), (24, 12), (13, 3), (5, 4), (10, 19), (17, 19)]
(17, 19)*(18.65301733862909, 7.862673732571958)*[(0, 2), (12, 14), (24, 12), (13, 3), (5, 4), (10, 19), (17, 19)]
(17, 19)*(20.34473483500077, 9.465692346896518)*[(0, 2), (12, 14), (24, 12), (13, 3), (5, 4), (10, 19), (17, 19)]
(17, 19)*(22.611433077269563, 10.101470401548163)*[(0, 2), (12, 14), (24, 12), (13, 3), (5, 4), (10, 19), (17, 19)]
(17, 19)*(20.969732438939207, 7.761263240767592)*[(0, 2), (12, 14), (24, 12), (13, 3), (5, 4), (10, 19), (17, 19)]
(17, 19)*(17.713131074371116, 11.099196415479323)*[(0, 2), (12, 14), (24, 12), (13, 3), (5, 4), (10, 19), (17, 19)]
(17, 19)*(18.01802790401845, 9.079130563538351)*[(0, 2), (12, 14), (24, 12), (13, 3), (5, 4), (10, 19), (17, 19)]
(17, 19)*(21.62504868888371, 9.630376611458665)*[(0, 2), (12, 14), (24, 12), (13, 3), (5, 4), (10, 19), (17, 19)]
(17, 19)*(20.960247887796314, 10.047533470233514)*[(0, 2), (12, 14), (24, 12), (13, 3), (5, 4), (10, 19), (17, 19)]
(17, 19)*(17.270964233335942, 10.784601488074063)*[(0, 2), (12, 14), (24, 12), (13, 3), (5, 4), (10, 19), (17, 19)]
(17, 19)*(18.323965719909765, 11.468096420608637)*[(0, 2), (12, 14), (24, 12), (13, 3), (5, 4), (10, 19), (17, 19)]
(17, 19)*(19.961876598099597, 9.271724455858376)*[(0, 2), (12, 14), (24, 12), (13, 3), (5, 4), (10, 19), (17, 19)]
(17, 19)*(18.174889165176683, 9.683912095803208)*[(0, 2), (12, 14), (24, 12), (13, 3), (5, 4), (10, 19), (17, 19)]
(17, 19)*(17.489947451091087, 9.236562941317544)*[(0, 2), (12, 14), (24, 12), (13, 3), (5, 4), (10, 19), (17, 19)]
(17, 19)*(21.92578444225776, 8.204245244023896)*[(0, 2), (12, 14), (24, 12), (13, 3), (5, 4), (10, 19), (17, 19)]
(17, 19)*(18.30242801812726, 9.834005742613833)*[(0, 2), (12, 14), (24, 12), (13, 3), (5, 4), (10, 19), (17, 19)]
(17, 19)*(18.552190627293285, 12.456615793655388)*[(0, 2), (12, 14), (24, 12), (13, 3), (5, 4), (10, 19), (17, 19)]
(17, 19)*(22.06917228839043, 10.797802703396627)*[(0, 2), (12, 14), (24, 12), (13, 3), (5, 4), (10, 19), (17, 19)]
(17, 19)*(22.774900085076318, 9.989629175482955)*[(0, 2), (12, 14), (24, 12), (13, 3), (5, 4), (10, 19), (17, 19)]
(17, 19)*(21.143938583896198, 8.46353270432699)*[(0, 2), (12, 14), (24, 12), (13, 3), (5, 4), (10, 19), (17, 19)]
(17, 19)*(20.041167284091575, 11.46324600602103)*[(0, 2), (12, 14), (24, 12), (13, 3), (5, 4), (10, 19), (17, 19)]
(17, 19)*(19.951728860592965, 8.438293249666433)*[(0, 2), (12, 14), (24, 12), (13, 3), (5, 4), (10, 19), (17, 19)]
(17, 19)*(21.643515707374885, 9.746181823481184)*[(0, 2), (12, 14), (24, 12), (13, 3), (5, 4), (10, 19), (17, 19)]
(17, 19)*(17.398651622719182, 11.065288924163234)*[(0, 2), (12, 14), (24, 12), (13, 3), (5, 4), (10, 19), (17, 19)]
(17, 19)*(22.53391510822034, 9.860593835369318)*[(0, 2), (12, 14), (24, 12), (13, 3), (5, 4), (10, 19), (17, 19)]
(17, 19)*(20.5550842496457, 10.297819321935387)*[(0, 2), (12, 14), (24, 12), (13, 3), (5, 4), (10, 19), (17, 19)]
(17, 19)*(18.174293604013595, 8.377571460766179)*[(0, 2), (12, 14), (24, 12), (13, 3), (5, 4), (10, 19), (17, 19)]
(17, 19)*(18.64599575892616, 9.495787631383893)*[(0, 2), (12, 14), (24, 12), (13, 3), (5, 4), (10, 19), (17, 19)]
(17, 19)*(22.760821715144893, 9.73126997874458)*[(0, 2), (12, 14), (24, 12), (13, 3), (5, 4), (10, 19), (17, 19)]
(17, 19)*(21.54969113577627, 10.325458050127477)*[(0, 2), (12, 14), (24, 12), (13, 3), (5, 4), (10, 19), (17, 19)]
(17, 19)*(21.536187424549794, 10.5899636885874)*[(0, 2), (12, 14), (24, 12), (13, 3), (5, 4), (10, 19), (17, 19)]
(17, 19)*(20.56709045485628, 11.81519957005307)*[(0, 2), (12, 14), (24, 12), (13, 3), (5, 4), (10, 19), (17, 19)]
(17, 19)*(18.337197610850072, 9.139783234179454)*[(0, 2), (12, 14), (24, 12), (13, 3), (5, 4), (10, 19), (17, 19)]
(17, 19)*(22.603890005346422, 9.02243428501995)*[(0, 2), (12, 14), (24, 12), (13, 3), (5, 4), (10, 19), (17, 19)]
(17, 19)*(18.62175849256457, 10.360702319881348)*[(0, 2), (12, 14), (24, 12), (13, 3), (5, 4), (10, 19), (17, 19)]
(17, 19)*(20.630619487048257, 8.494968656192546)*[(0, 2), (12, 14), (24, 12), (13, 3), (5, 4), (10, 19), (17, 19)]
(17, 19)*(21.792341540916436, 9.172105718160346)*[(0, 2), (12, 14), (24, 12), (13, 3), (5, 4), (10, 19), (17, 19)]
(17, 19)*(20.85016208802022, 12.823241697269001)*[(0, 2), (12, 14), (24, 12), (13, 3), (5, 4), (10, 19), (17, 19)]
(17, 19)*(20.33667876342651, 10.50866496516811)*[(0, 2), (12, 14), (24, 12), (13, 3), (5, 4), (10, 19), (17, 19)]
(17, 19)*(21.839047961524255, 9.254284132205454)*[(0, 2), (12, 14), (24, 12), (13, 3), (5, 4), (10, 19), (17, 19)]
(17, 19)*(21.403867017043265, 7.416200727654682)*[(0, 2), (12, 14), (24, 12), (13, 3), (5, 4), (10, 19), (17, 19)]
(17, 19)*(18.48725506663471, 11.29793055587504)*[(0, 2), (12, 14), (24, 12), (13, 3), (5, 4), (10, 19), (17, 19)]
(17, 19)*(21.402085148028036, 8.64829253173831)*[(0, 2), (12, 14), (24, 12), (13, 3), (5, 4), (10, 19), (17, 19)]
(17, 19)*(18.784855405464317, 9.40615296136812)*[(0, 2), (12, 14), (24, 12), (13, 3), (5, 4), (10, 19), (17, 19)]
(17, 19)*(19.638860652441725, 9.739046746083435)*[(0, 2), (12, 14), (24, 12), (13, 3), (5, 4), (10, 19), (17, 19)]
(17, 19)*(18.744707177934888, 9.37908659566683)*[(0, 2), (12, 14), (24, 12), (13, 3), (5, 4), (10, 19), (17, 19)]
(17, 19)*(22.21305648936799, 8.419394996527561)*[(0, 2), (12, 14), (24, 12), (13, 3), (5, 4), (10, 19), (17, 19)]
(17, 19)*(22.027312977664124, 10.734878767440469)*[(0, 2), (12, 14), (24, 12), (13, 3), (5, 4), (10, 19), (17, 19)]
(17, 19)*(17.457657911355046, 11.235423188227303)*[(0, 2), (12, 14), (24, 12), (13, 3), (5, 4), (10, 19), (17, 19)]
(17, 19)*(18.24829967157856, 9.29054774164107)*[(0, 2), (12, 14), (24, 12), (13, 3), (5, 4), (10, 19), (17, 19)]
(17, 19)*(20.912942806600302, 11.239068644151835)*[(0, 2), (12, 14), (24, 12), (13, 3), (5, 4), (10, 19), (17, 19)]
(17, 19)*(18.68564153404843, 10.772323155457327)*[(0, 2), (12, 14), (24, 12), (13, 3), (5, 4), (10, 19), (17, 19)]
(17, 19)*(18.172277708411325, 9.916768085395004)*[(0, 2), (12, 14), (24, 12), (13, 3), (5, 4), (10, 19), (17, 19)]
(17, 19)*(22.204624059470085, 8.743602311285994)*[(0, 2), (12, 14), (24, 12), (13, 3), (5, 4), (10, 19), (17, 19)]
(17, 19)*(20.450615579753237, 8.77857094102495)*[(0, 2), (12, 14), (24, 12), (13, 3), (5, 4), (10, 19), (17, 19)]
(17, 19)*(21.462592732511666, 10.824810767733354)*[(0, 2), (12, 14), (24, 12), (13, 3), (5, 4), (10, 19), (17, 19)]
(17, 19)*(19.819812713671936, 8.0291044092448)*[(0, 2), (12, 14), (24, 12), (13, 3), (5, 4), (10, 19), (17, 19)]
(17, 19)*(22.63371076623568, 9.667357541613882)*[(0, 2), (12, 14), (24, 12), (13, 3), (5, 4), (10, 19), (17, 19)]
(17, 19)*(17.629041895696673, 10.985864435736008)*[(0, 2), (12, 14), (24, 12), (13, 3), (5, 4), (10, 19), (17, 19)]
(17, 19)*(17.661169578438088, 9.501174665333407)*[(0, 2), (12, 14), (24, 12), (13, 3), (5, 4), (10, 19), (17, 19)]
(17, 19)*(20.27179170475668, 10.499029023797931)*[(0, 2), (12, 14), (24, 12), (13, 3), (5, 4), (10, 19), (17, 19)]
(17, 19)*(21.866830615204357, 8.825052331553618)*[(0, 2), (12, 14), (24, 12), (13, 3), (5, 4), (10, 19), (17, 19)]
(17, 19)*(18.244038030712456, 8.992099284904569)*[(0, 2), (12, 14), (24, 12), (13, 3), (5, 4), (10, 19), (17, 19)]
(17, 19)*(21.05573592234095, 12.478874375422702)*[(0, 2), (12, 14), (24, 12), (13, 3), (5, 4), (10, 19), (17, 19)]
(17, 19)*(21.28530523614988, 12.126149445701987)*[(0, 2), (12, 14), (24, 12), (13, 3), (5, 4), (10, 19), (17, 19)]
(17, 19)*(20.419831933036892, 10.578486459171568)*[(0, 2), (12, 14), (24, 12), (13, 3), (5, 4), (10, 19), (17, 19)]
(17, 19)*(20.747289078221705, 10.235940246846866)*[(0, 2), (12, 14), (24, 12), (13, 3), (5, 4), (10, 19), (17, 19)]
(17, 19)*(22.926383453941874, 10.413735720284754)*[(0, 2), (12, 14), (24, 12), (13, 3), (5, 4), (10, 19), (17, 19)]
(17, 19)*(17.872385817366414, 11.510832905828758)*[(0, 2), (12, 14), (24, 12), (13, 3), (5, 4), (10, 19), (17, 19)]
(17, 19)*(22.66928837240566, 9.73064772607208)*[(0, 2), (12, 14), (24, 12), (13, 3), (5, 4), (10, 19), (17, 19)]
(17, 19)*(22.53500554480274, 8.694706586686186)*[(0, 2), (12, 14), (24, 12), (13, 3), (5, 4), (10, 19), (17, 19)]
(17, 19)*(17.4609685418684, 8.712698593151856)*[(0, 2), (12, 14), (24, 12), (13, 3), (5, 4), (10, 19), (17, 19)]
(17, 19)*(20.306520895332163, 9.91309045265461)*[(0, 2), (12, 14), (24, 12), (13, 3), (5, 4), (10, 19), (17, 19)]
(17, 19)*(18.277840180556804, 7.965667297557304)*[(0, 2), (12, 14), (24, 12), (13, 3), (5, 4), (10, 19), (17, 19)]
(17, 19)*(20.51868684022643, 12.311929613572984)*[(0, 2), (12, 14), (24, 12), (13, 3), (5, 4), (10, 19), (17, 19)]
(17, 19)*(20.327244372706577, 11.77065631376083)*[(0, 2), (12, 14), (24, 12), (13, 3), (5, 4), (10, 19), (17, 19)]
(17, 19)*(18.092410518677177, 9.065618979004235)*[(0, 2), (12, 14), (24, 12), (13, 3), (5, 4), (10, 19), (17, 19)]
(17, 19)*(17.589165176102583, 10.3152856882513)*[(0, 2), (12, 14), (24, 12), (13, 3), (5, 4), (10, 19), (17, 19)]
(17, 19)*(22.33729737642862, 9.487716949114047)*[(0, 2), (12, 14), (24, 12), (13, 3), (5, 4), (10, 19), (17, 19)]
(17, 19)*(17.945368430552833, 10.661633909801278)*[(0, 2), (12, 14), (24, 12), (13, 3), (5, 4), (10, 19), (17, 19)]
(17, 19)*(17.131662712841102, 10.556946920195898)*[(0, 2), (12, 14), (24, 12), (13, 3), (5, 4), (10, 19), (17, 19)]
(17, 19)*(21.334196840610417, 10.32385835805064)*[(0, 2), (12, 14), (24, 12), (13, 3), (5, 4), (10, 19), (17, 19)]
(17, 19)*(21.469088963204904, 8.786372531551596)*[(0, 2), (12, 14), (24, 12), (13, 3), (5, 4), (10, 19), (17, 19)]
(17, 19)*(21.575536779095977, 11.829742561592592)*[(0, 2), (12, 14), (24, 12), (13, 3), (5, 4), (10, 19), (17, 19)]
(17, 19)*(20.171913226248456, 9.964389690207893)*[(0, 2), (12, 14), (24, 12), (13, 3), (5, 4), (10, 19), (17, 19)]
(17, 19)*(19.05681695136229, 11.855548303532743)*[(0, 2), (12, 14), (24, 12), (13, 3), (5, 4), (10, 19), (17, 19)]
(17, 19)*(19.359965656539757, 7.154285957808289)*[(0, 2), (12, 14), (24, 12), (13, 3), (5, 4), (10, 19), (17, 19)]
(17, 19)*(20.044337569878273, 12.514370817058538)*[(0, 2), (12, 14), (24, 12), (13, 3), (5, 4), (10, 19), (17, 19)]
